DATE 2017:115:19:50:09 obsn  92 az 314 el 43 freq_MHz  1424.0000 Tsys 158.644 Tant 274.554 vlsr  -12.00 glat -2.085 glon 111.575 azoff -6.83 eloff 0.00 source Cass 
Fstart 1422.997 fstop 1425.003 spacing 0.009375 bw    2.400 fbw    2.000 MHz nfreq 256 nsam 5242880 npoint 214 integ     2 sigma    2.217 bsw 3
Spectrum      2 integration periods
 438.656  435.303  434.406  438.576  439.557  437.269  446.715  440.931  443.042  435.975  437.239  431.144  432.383  439.007  433.466  435.838  438.564  433.457  431.763  436.244  439.014  436.784  442.180  433.522  440.238  435.947  441.657  434.236  432.366  435.054  437.640  436.852  436.888  431.563  441.943  428.889  434.037  435.246  430.356  431.757  440.852  439.283  435.027  433.003  433.153  432.117  434.316  437.096  435.435  435.503  431.240  433.255  435.586  432.924  437.715  434.877  432.830  434.625  434.514  433.976  437.973  433.422  438.648  438.569  434.757  433.676  432.698  432.932  439.266  436.124  431.037  428.800  437.495  434.651  432.073  432.541  435.891  435.885  434.143  431.825  435.350  436.868  438.931  439.238  429.885  429.065  433.716  433.629  434.606  433.413  431.487  432.763  436.490  430.400  437.967  438.332  437.392  429.374  426.147  434.642  429.772  432.110  434.537  434.563  433.907  440.151  450.914  438.318  429.802  435.301  437.912  426.290  430.675  436.698  425.407  429.831  431.387  428.797  435.110  436.302  439.011  431.828  434.491  436.250  434.449  429.361  427.824  428.237  435.621  431.835  430.156  432.920  429.850  438.229  432.941  435.551  432.516  435.579  437.094  438.630  431.106  434.641  436.783  434.817  431.166  437.604  424.522  439.124  438.788  439.658  435.157  434.920  435.890  434.596  432.965  437.666  437.426  429.104  431.712  435.573  433.272  427.973  436.016  433.001  431.840  433.576  426.009  430.968  431.152  434.570  432.104  434.792  436.443  431.640  430.752  436.715  437.021  435.437  429.784  429.216  435.695  432.902  436.998  434.610  430.993  436.681  430.666  433.904  433.206  436.430  434.647  434.325  433.598  431.810  435.334  433.731  433.888  429.738  438.359  436.006  435.963  432.992  435.646  434.817  433.566  434.931  436.398  435.608  430.171  430.865  436.881  438.857  433.800  434.535 
DATE 2017:115:19:50:32 obsn  93 az 321 el 43 freq_MHz  1424.0000 Tsys 158.644 Tant 282.057 vlsr  -12.00 glat -2.085 glon 111.575 azoff 0.00 eloff 0.00 source Cass 
Fstart 1422.997 fstop 1425.003 spacing 0.009375 bw    2.400 fbw    2.000 MHz nfreq 256 nsam 5242880 npoint 214 integ    13 sigma    0.905 bsw 4
Spectrum     12 integration periods
  -0.246    2.361   -2.232   -1.314   -1.334   -0.972   -0.714   -2.807   -1.044   -0.146   -3.337   -0.289    0.784   -1.343    0.061   -0.435   -0.497    0.869   -2.894   -0.897   -0.789   -0.830   -1.488   -0.158   -0.157    1.451   -0.964   -2.362   -0.300    0.313   -0.619   -0.191   -0.987    0.395   -0.710    1.145    0.432    0.884   -1.315   -1.891   -1.497   -0.640   -0.771   -1.489   -1.617    1.198   -0.947   -1.800   -1.388   -1.029   -0.372    0.117    0.796    3.057   -0.517   -0.364   -1.235   -2.286    0.337   -0.242   -0.707   -1.325   -0.548    0.752   -0.282    0.031   -0.046   -0.627   -3.084    0.886   -2.304    1.304    1.393   -0.687   -0.957   -0.881   -1.238   -0.952   -0.039    0.877   -0.367   -1.729   -1.592   -2.235   -0.469   -0.112   -1.971   -0.331   -0.193   -1.024    1.429    1.190   -2.387   -1.087   -1.859   -0.405    0.123   -1.581   -2.254   -2.337   -1.780   -2.389    3.087   -0.485    1.287   -0.934    0.679   -0.734   -1.307   -2.015   -2.371    1.162   -0.698   -0.298    1.047    0.045   -2.588    0.098   -0.935   -1.435   -1.363    0.439    0.128   -1.214    0.612    0.659    0.596    0.583   -0.313    0.497    0.382   -1.492    0.161   -0.831   -0.656   -0.802   -0.052    0.076   -1.204   -0.453   -0.907    1.783    0.812   -2.542   -1.765   -0.066    1.473   -1.085   -2.097   -3.168    1.928   -0.598   -1.084    1.637   -1.950    0.313    0.365   -0.452   -0.174   -1.517    0.078   -1.725   -2.865    0.801   -0.087   -1.444   -0.018   -0.460   -1.013   -1.689   -0.219   -0.027   -0.909   -0.245   -2.012    0.748   -0.748   -0.192    0.398   -1.972   -2.331   -1.370   -0.138   -1.462   -0.336   -0.209   -1.451    0.443   -2.269   -1.712   -1.089   -0.193   -0.684   -1.563   -0.875   -2.233   -1.449    0.574   -2.859    0.132   -1.741   -1.153   -2.884   -1.163    0.305   -0.097   -1.574   -2.424   -0.254   -1.954   -1.495   -3.019   -1.735    1.774 
DATE 2017:115:19:51:01 obsn  94 az 328 el 43 freq_MHz  1424.0000 Tsys 158.644 Tant 285.034 vlsr  -12.00 glat -2.085 glon 111.575 azoff 6.82 eloff 0.00 source Cass 
Fstart 1422.997 fstop 1425.003 spacing 0.009375 bw    2.400 fbw    2.000 MHz nfreq 256 nsam 5242880 npoint 214 integ    24 sigma    0.668 bsw 5
Spectrum     22 integration periods
  -2.404   -0.876   -3.017   -1.547   -2.138   -2.115   -1.647   -2.900   -2.246   -1.868   -2.888   -2.092   -0.167   -2.448   -1.293   -0.793   -1.074   -0.968   -2.127   -1.576   -2.099   -1.953   -1.809   -0.729   -1.507   -0.753   -0.670   -1.474   -1.443   -1.373   -1.449   -1.882   -1.681   -1.272   -0.790   -1.680   -0.586   -1.399   -0.914   -1.816   -2.070   -1.148   -1.413   -0.923   -2.658   -2.093   -1.045   -2.281   -1.366   -1.338   -1.603   -1.719   -0.878   -0.665   -1.106   -1.400   -1.489   -2.956   -1.169   -0.949   -1.589   -0.370   -1.502   -1.301   -1.029   -1.237   -0.980   -0.612   -2.542   -1.160   -1.243    0.177   -0.858   -1.721   -1.791   -1.079   -1.342   -1.594   -0.376   -1.334   -1.392   -2.114   -1.219   -2.255    0.107   -1.559   -2.356   -1.469   -0.856   -1.319   -0.669   -1.859   -2.744   -2.132   -2.047   -1.667   -2.169   -2.199   -2.539   -2.329   -2.447   -2.108   -1.095   -2.325   -1.075   -1.843   -0.268   -2.215   -0.664   -2.507   -2.151   -0.917   -1.860   -0.961    0.070   -0.869   -1.832   -1.784   -1.546   -0.481   -1.369   -1.064   -1.147   -1.770   -1.868   -1.727   -0.452   -1.008   -1.200   -1.505   -1.783   -2.993   -1.285   -2.226   -1.798   -2.018   -2.881   -1.589   -1.376   -1.366   -1.747   -1.343   -1.214   -2.287   -1.672   -2.176   -2.232   -2.669   -3.057   -1.967   -1.136   -1.759   -1.785   -0.739   -1.668   -1.436   -2.129   -1.669   -1.686   -3.185   -0.843   -2.767   -2.648   -0.560   -0.694   -0.897   -0.351   -2.070   -1.733   -2.010   -1.432   -1.703   -2.360   -1.836   -2.059   -1.270   -1.532   -1.283   -1.301   -1.420   -2.329   -1.930   -2.591   -2.394   -2.192   -1.130   -2.050   -1.087   -1.937   -1.767   -2.570   -2.511   -2.098   -2.241   -2.371   -1.633   -1.638   -1.303   -1.836   -2.081   -2.126   -1.436   -1.737   -1.156   -1.536   -1.519   -1.932   -3.095   -2.126   -1.703   -0.712   -3.420   -2.758   -0.488 
DATE 2017:115:19:51:28 obsn  95 az 321 el 43 freq_MHz  1424.0000 Tsys 158.644 Tant 252.584 vlsr  -12.00 glat -2.085 glon 111.575 azoff 0.00 eloff 0.00 source Cass 
Fstart 1422.997 fstop 1425.003 spacing 0.009375 bw    2.400 fbw    2.000 MHz nfreq 256 nsam 5242880 npoint 214 integ    35 sigma    0.554 bsw 6
Spectrum     32 integration periods
  -2.871   -1.510   -2.937   -2.055   -2.085   -2.795   -2.095   -3.100   -2.355   -2.326   -2.995   -3.007   -1.292   -2.329   -1.627   -1.635   -1.710   -2.005   -2.544   -2.473   -2.865   -2.585   -2.130   -1.783   -2.183   -1.497   -1.950   -2.401   -2.087   -2.316   -2.273   -2.219   -2.343   -2.436   -1.510   -2.221   -1.499   -2.035   -1.407   -2.276   -2.688   -1.991   -2.385   -1.619   -2.996   -2.685   -1.902   -2.871   -1.889   -2.216   -1.893   -2.374   -1.890   -1.947   -1.829   -2.774   -2.437   -3.743   -2.132   -2.432   -2.224   -1.227   -2.648   -2.445   -1.944   -1.852   -2.026   -1.498   -3.170   -2.198   -2.129   -1.258   -1.794   -1.958   -2.461   -1.992   -2.975   -2.357   -1.506   -2.246   -2.573   -2.772   -2.160   -2.620   -1.525   -2.230   -3.384   -2.482   -2.453   -2.693   -1.747   -2.577   -3.377   -3.308   -2.941   -2.988   -3.167   -3.084   -3.587   -2.785   -3.193   -3.285   -1.858   -2.724   -1.995   -2.664   -2.096   -3.199   -1.764   -2.903   -2.557   -1.883   -2.451   -1.957   -0.865   -1.898   -2.484   -3.037   -2.321   -1.835   -2.067   -2.318   -2.254   -2.504   -2.629   -2.335   -1.468   -2.390   -2.625   -2.500   -2.707   -3.233   -2.198   -3.838   -2.846   -2.292   -2.878   -2.600   -1.790   -2.238   -2.475   -2.024   -1.976   -2.885   -3.250   -3.069   -3.177   -3.405   -3.658   -3.193   -1.986   -2.664   -2.768   -2.233   -2.195   -2.086   -2.902   -2.918   -2.650   -3.486   -1.840   -4.167   -3.197   -1.733   -2.170   -2.185   -2.152   -2.289   -2.901   -3.049   -2.229   -2.234   -3.082   -2.730   -3.164   -1.912   -2.489   -2.807   -2.701   -2.481   -3.532   -2.533   -3.077   -2.551   -2.672   -2.588   -2.753   -2.206   -2.683   -2.663   -3.289   -2.960   -2.894   -2.961   -3.296   -3.177   -2.799   -2.604   -3.147   -2.656   -3.196   -2.714   -2.554   -2.515   -2.507   -2.615   -2.758   -4.248   -3.141   -2.408   -2.049   -3.723   -4.094   -1.873 
DATE 2017:115:19:51:49 obsn  96 az 314 el 43 freq_MHz  1424.0000 Tsys 158.644 Tant 266.964 vlsr  -12.00 glat -2.085 glon 111.575 azoff -6.81 eloff 0.00 source Cass 
Fstart 1422.997 fstop 1425.003 spacing 0.009375 bw    2.400 fbw    2.000 MHz nfreq 256 nsam 5242880 npoint 214 integ    46 sigma    0.484 bsw 7
Spectrum     42 integration periods
  -5.185   -4.171   -4.639   -4.563   -4.884   -4.880   -4.238   -5.269   -4.891   -4.805   -4.984   -5.239   -3.444   -4.425   -3.507   -4.372   -3.754   -4.666   -4.854   -4.599   -4.844   -4.679   -4.405   -4.582   -4.594   -3.799   -4.237   -3.844   -4.297   -4.637   -4.558   -4.580   -4.660   -4.886   -3.988   -4.616   -4.104   -4.303   -3.472   -4.303   -4.695   -4.496   -4.907   -4.417   -4.981   -4.953   -4.491   -4.784   -4.487   -4.002   -3.855   -4.435   -4.556   -4.361   -4.109   -5.051   -4.601   -5.907   -4.159   -4.624   -4.993   -3.736   -4.769   -4.627   -4.092   -4.107   -4.181   -3.846   -4.977   -4.463   -4.284   -3.616   -4.519   -4.271   -5.067   -4.372   -5.280   -4.828   -4.070   -4.925   -4.528   -5.350   -4.604   -4.793   -3.856   -4.710   -5.436   -4.780   -4.879   -5.206   -4.068   -4.750   -5.149   -5.633   -5.406   -4.856   -5.360   -5.629   -5.549   -5.556   -5.352   -6.235   -4.689   -5.412   -4.769   -5.149   -4.826   -5.433   -4.536   -4.683   -5.120   -4.136   -4.886   -4.205   -3.328   -4.441   -4.741   -5.054   -4.610   -4.394   -4.326   -4.291   -4.944   -4.777   -5.050   -4.814   -4.220   -4.869   -4.604   -4.254   -4.659   -5.648   -4.784   -5.853   -5.269   -5.091   -5.155   -4.634   -4.478   -5.094   -4.982   -5.054   -4.782   -5.377   -5.633   -5.588   -5.227   -5.678   -5.922   -5.577   -4.412   -5.052   -5.063   -4.648   -4.787   -4.787   -5.155   -5.068   -5.007   -5.999   -5.261   -6.482   -5.624   -4.477   -4.969   -4.273   -4.581   -4.550   -5.649   -5.463   -4.899   -5.137   -5.122   -5.682   -6.146   -4.735   -5.061   -5.152   -5.325   -4.750   -5.763   -5.388   -5.584   -5.310   -5.286   -4.886   -5.780   -5.131   -5.227   -5.409   -5.905   -5.382   -5.458   -5.419   -5.487   -5.710   -5.445   -4.863   -5.532   -5.362   -5.739   -5.412   -5.429   -5.605   -5.096   -5.496   -5.311   -6.311   -6.000   -4.678   -5.039   -6.555   -6.143   -4.904 
DATE 2017:115:19:52:13 obsn  97 az 321 el 43 freq_MHz  1424.0000 Tsys 158.644 Tant 273.353 vlsr  -12.00 glat -2.085 glon 111.575 azoff 0.00 eloff 0.00 source Cass 
Fstart 1422.997 fstop 1425.003 spacing 0.009375 bw    2.400 fbw    2.000 MHz nfreq 256 nsam 5242880 npoint 214 integ    57 sigma    0.435 bsw 8
Spectrum     52 integration periods
  -3.501   -2.862   -3.085   -2.870   -2.936   -3.322   -3.227   -4.232   -3.624   -3.002   -3.273   -3.428   -1.876   -3.117   -2.056   -2.859   -2.182   -3.066   -3.111   -2.947   -3.129   -2.855   -2.742   -2.909   -2.962   -2.631   -2.929   -2.466   -2.873   -2.793   -2.884   -3.400   -2.916   -3.160   -2.364   -3.053   -2.617   -2.787   -2.333   -2.764   -3.004   -2.730   -3.285   -2.821   -3.158   -3.115   -2.920   -3.473   -2.944   -2.483   -2.679   -2.925   -3.336   -2.715   -2.364   -3.632   -2.533   -4.137   -2.624   -3.100   -3.000   -2.195   -2.937   -2.873   -2.342   -2.257   -2.642   -2.274   -2.915   -2.752   -2.938   -1.887   -2.526   -2.534   -3.202   -2.506   -3.574   -2.940   -2.395   -3.075   -2.988   -3.641   -2.903   -3.173   -2.805   -2.425   -3.646   -3.114   -3.355   -3.758   -2.716   -2.924   -3.268   -3.840   -3.895   -3.260   -3.370   -3.589   -3.649   -3.580   -3.423   -4.218   -2.943   -3.789   -3.069   -3.207   -2.644   -3.769   -2.808   -2.969   -3.126   -2.267   -3.360   -2.743   -2.044   -2.569   -2.992   -3.276   -2.889   -2.519   -2.239   -2.788   -2.814   -2.964   -3.220   -2.873   -2.521   -3.228   -2.789   -2.383   -2.675   -3.702   -2.882   -3.881   -3.114   -3.233   -3.073   -3.043   -2.758   -3.520   -3.233   -3.219   -3.013   -3.628   -3.929   -3.868   -3.291   -3.938   -4.061   -3.910   -2.446   -3.114   -3.227   -2.931   -3.121   -3.093   -3.349   -3.244   -2.943   -4.127   -3.459   -4.596   -3.637   -2.900   -3.208   -2.229   -3.123   -2.881   -3.732   -3.241   -3.320   -3.067   -3.336   -3.899   -4.489   -3.190   -3.219   -3.178   -3.648   -2.783   -3.984   -3.246   -3.921   -3.551   -3.259   -2.976   -4.135   -3.380   -3.471   -3.266   -3.977   -3.657   -3.859   -3.590   -3.828   -4.043   -3.731   -3.062   -3.614   -3.191   -3.731   -3.332   -3.618   -3.710   -3.090   -3.743   -3.398   -4.485   -4.273   -3.240   -3.384   -5.076   -4.651   -3.118 
DATE 2017:115:19:52:40 obsn  98 az 327 el 43 freq_MHz  1424.0000 Tsys 158.644 Tant 281.421 vlsr  -12.00 glat -2.085 glon 111.575 azoff 6.80 eloff 0.00 source Cass 
Fstart 1422.997 fstop 1425.003 spacing 0.009375 bw    2.400 fbw    2.000 MHz nfreq 256 nsam 5242880 npoint 214 integ    68 sigma    0.398 bsw 9
Spectrum     62 integration periods
  -2.481   -1.898   -2.211   -2.082   -2.178   -2.475   -2.669   -3.680   -2.783   -2.176   -2.701   -2.603   -1.260   -2.563   -1.615   -2.285   -1.543   -2.421   -2.515   -2.259   -2.614   -2.381   -2.323   -2.514   -2.449   -2.310   -2.341   -1.906   -2.497   -2.097   -2.447   -2.729   -2.331   -2.358   -1.802   -2.290   -1.884   -2.166   -1.821   -1.879   -2.377   -1.923   -2.675   -2.420   -2.561   -2.549   -2.416   -2.732   -2.420   -1.859   -2.297   -2.492   -3.012   -2.336   -2.143   -2.637   -2.167   -3.193   -2.250   -2.542   -2.722   -2.125   -2.345   -2.306   -1.849   -1.596   -1.907   -2.087   -2.051   -1.907   -2.198   -1.523   -2.214   -2.042   -2.490   -2.050   -3.048   -2.381   -1.885   -2.717   -2.783   -2.798   -2.320   -2.696   -2.484   -2.176   -2.866   -2.573   -2.673   -3.185   -2.122   -2.553   -2.943   -3.141   -3.213   -2.909   -2.699   -2.797   -2.951   -3.025   -2.947   -3.400   -2.805   -3.088   -2.765   -2.652   -2.404   -3.183   -2.345   -2.477   -2.478   -1.934   -2.989   -2.286   -1.689   -2.154   -2.575   -2.849   -2.410   -1.822   -1.506   -2.129   -2.202   -2.786   -2.819   -2.858   -2.114   -2.667   -2.609   -2.144   -2.277   -2.943   -2.423   -3.287   -2.698   -2.753   -2.247   -2.527   -2.816   -3.295   -3.223   -2.756   -2.915   -3.020   -3.288   -3.469   -2.984   -3.004   -3.564   -3.182   -2.089   -2.572   -2.870   -2.587   -2.520   -2.931   -2.914   -2.996   -2.786   -3.690   -3.221   -3.992   -2.935   -2.509   -2.771   -2.179   -2.638   -2.401   -3.318   -3.005   -3.090   -2.806   -3.087   -3.373   -4.044   -2.708   -2.795   -2.855   -3.110   -2.438   -3.567   -2.748   -3.727   -3.276   -2.519   -2.820   -3.689   -3.371   -3.005   -2.780   -3.258   -3.186   -3.346   -3.269   -3.699   -3.677   -3.501   -2.591   -3.502   -2.743   -3.113   -2.969   -3.401   -2.996   -2.636   -3.212   -3.039   -4.172   -3.888   -3.112   -2.906   -4.246   -4.193   -2.834 
DATE 2017:115:19:53:01 obsn  99 az 321 el 43 freq_MHz  1424.0000 Tsys 158.644 Tant 278.839 vlsr  -12.00 glat -2.085 glon 111.575 azoff 0.00 eloff 0.00 source Cass 
Fstart 1422.997 fstop 1425.003 spacing 0.009375 bw    2.400 fbw    2.000 MHz nfreq 256 nsam 5242880 npoint 214 integ    79 sigma    0.370 bsw 10
Spectrum     72 integration periods
  -2.275   -2.065   -2.281   -2.293   -2.420   -2.380   -2.663   -3.515   -2.917   -2.258   -2.866   -2.828   -1.709   -2.472   -1.649   -2.502   -2.014   -2.486   -2.631   -2.239   -2.585   -2.380   -2.399   -2.716   -2.558   -2.532   -2.472   -2.425   -2.685   -2.458   -2.817   -2.823   -2.378   -2.770   -2.199   -2.491   -2.062   -2.060   -2.249   -2.329   -2.551   -2.214   -3.039   -2.857   -2.592   -2.908   -2.672   -2.996   -2.768   -2.083   -2.583   -2.554   -3.226   -2.643   -2.554   -2.845   -2.623   -3.301   -2.434   -2.830   -2.897   -2.310   -2.593   -2.517   -2.016   -2.046   -2.429   -2.361   -2.518   -2.140   -2.521   -2.036   -2.462   -2.536   -2.743   -2.284   -3.205   -2.780   -2.198   -3.071   -3.059   -3.264   -2.651   -3.192   -2.970   -2.546   -3.225   -3.123   -3.104   -3.404   -2.240   -3.023   -3.253   -3.250   -3.441   -3.280   -2.858   -3.115   -3.612   -3.057   -3.284   -3.754   -2.877   -3.451   -2.902   -2.864   -3.411   -3.209   -2.502   -2.699   -2.987   -2.339   -3.341   -2.404   -2.351   -2.356   -2.915   -3.172   -2.798   -2.082   -1.836   -2.381   -2.695   -3.280   -3.286   -3.229   -2.609   -2.821   -2.736   -2.606   -2.579   -3.196   -2.882   -3.647   -2.975   -3.208   -2.437   -3.091   -3.300   -3.588   -3.504   -3.169   -3.187   -3.518   -3.607   -3.843   -3.263   -3.336   -3.642   -3.296   -2.765   -3.014   -3.225   -3.119   -3.319   -3.483   -3.286   -3.557   -3.330   -4.123   -3.697   -4.059   -3.174   -2.788   -3.079   -2.673   -3.131   -2.624   -3.640   -3.437   -3.566   -3.361   -3.547   -3.918   -4.051   -3.193   -3.041   -3.266   -3.465   -2.981   -3.785   -3.281   -4.095   -3.656   -3.205   -3.425   -4.066   -3.775   -3.370   -3.243   -3.527   -3.719   -3.801   -3.720   -4.204   -4.137   -4.039   -3.244   -3.955   -3.372   -3.645   -3.342   -3.795   -3.569   -3.266   -3.746   -3.373   -4.507   -4.248   -3.672   -3.457   -4.331   -4.570   -3.452 
DATE 2017:115:19:53:22 obsn 100 az 314 el 43 freq_MHz  1424.0000 Tsys 158.644 Tant 274.458 vlsr  -12.00 glat -2.085 glon 111.575 azoff -6.79 eloff 0.00 source Cass 
Fstart 1422.997 fstop 1425.003 spacing 0.009375 bw    2.400 fbw    2.000 MHz nfreq 256 nsam 5242880 npoint 214 integ    90 sigma    0.346 bsw 11
Spectrum     82 integration periods
  -2.504   -2.486   -2.611   -2.574   -2.757   -2.536   -2.834   -3.748   -3.077   -2.434   -3.098   -2.965   -1.932   -2.890   -2.070   -2.430   -2.308   -2.888   -2.914   -2.261   -2.740   -2.403   -2.647   -3.099   -2.525   -2.756   -2.797   -2.557   -2.629   -2.559   -3.057   -3.070   -2.592   -2.831   -2.343   -2.887   -2.375   -2.376   -2.547   -2.368   -2.783   -2.620   -3.391   -3.107   -2.639   -2.927   -2.725   -3.143   -2.987   -2.224   -2.913   -2.635   -3.295   -2.790   -2.774   -3.148   -2.867   -3.272   -2.572   -2.926   -3.026   -2.421   -2.711   -2.645   -2.182   -2.333   -2.436   -2.491   -2.582   -2.299   -2.487   -2.397   -2.611   -2.596   -2.918   -2.444   -3.444   -3.161   -2.425   -3.193   -3.330   -3.448   -2.999   -3.381   -3.241   -2.717   -3.211   -3.553   -3.292   -3.314   -2.409   -2.919   -3.137   -3.322   -3.601   -3.443   -2.996   -3.011   -3.636   -3.396   -3.607   -3.678   -2.986   -3.621   -3.014   -3.000   -3.632   -3.410   -2.812   -2.960   -3.237   -2.327   -3.448   -2.673   -2.588   -2.504   -2.706   -3.159   -2.836   -2.292   -2.002   -2.380   -2.967   -3.537   -3.312   -3.409   -2.573   -3.003   -2.601   -2.833   -2.744   -3.288   -3.037   -3.868   -3.154   -3.287   -2.626   -3.379   -3.518   -3.743   -3.501   -3.272   -3.212   -3.806   -3.843   -4.041   -3.455   -3.467   -3.793   -3.598   -3.016   -3.246   -3.321   -3.249   -3.402   -3.785   -3.423   -3.473   -3.538   -4.080   -3.847   -4.212   -3.053   -2.847   -3.057   -2.863   -3.347   -2.775   -3.733   -3.465   -3.780   -3.449   -3.575   -3.947   -4.222   -3.276   -3.062   -3.167   -3.487   -3.041   -3.838   -3.317   -3.998   -3.751   -3.171   -3.510   -4.083   -3.805   -3.549   -3.356   -3.563   -3.580   -3.954   -3.912   -4.329   -4.167   -4.013   -3.128   -4.101   -3.324   -3.781   -3.590   -3.698   -3.592   -3.287   -3.859   -3.654   -4.559   -4.248   -3.542   -3.743   -4.494   -4.461   -3.684 
DATE 2017:115:19:53:53 obsn 101 az 321 el 42 freq_MHz  1424.0000 Tsys 158.644 Tant 270.461 vlsr  -12.00 glat -2.085 glon 111.575 azoff 0.00 eloff 0.00 source Cass 
Fstart 1422.997 fstop 1425.003 spacing 0.009375 bw    2.400 fbw    2.000 MHz nfreq 256 nsam 5242880 npoint 214 integ   100 sigma    0.327 bsw 12
Spectrum     92 integration periods
  -2.650   -2.410   -2.607   -2.624   -2.755   -2.487   -2.586   -3.641   -3.055   -2.428   -3.036   -2.837   -2.045   -2.888   -2.042   -2.383   -2.301   -2.801   -2.743   -2.105   -2.629   -2.321   -2.418   -3.227   -2.559   -2.476   -2.582   -2.575   -2.532   -2.479   -2.866   -2.841   -2.647   -2.913   -2.338   -2.945   -2.273   -2.385   -2.587   -2.355   -2.479   -2.322   -3.285   -3.010   -2.570   -2.900   -2.728   -3.050   -2.837   -2.279   -2.736   -2.667   -3.033   -2.771   -2.679   -3.128   -2.993   -3.114   -2.521   -2.923   -3.037   -2.574   -2.800   -2.524   -2.149   -2.345   -2.499   -2.518   -2.439   -2.188   -2.409   -2.576   -2.663   -2.490   -2.710   -2.276   -3.343   -3.038   -2.199   -3.014   -3.324   -3.367   -3.056   -3.178   -3.202   -2.570   -3.124   -3.539   -3.287   -3.421   -2.195   -2.977   -3.096   -3.334   -3.422   -3.454   -2.714   -2.848   -3.646   -3.278   -3.567   -3.561   -3.045   -3.596   -2.948   -2.759   -3.314   -3.263   -2.790   -2.904   -3.202   -2.272   -3.520   -2.649   -2.860   -2.529   -2.866   -2.854   -2.590   -2.201   -1.966   -2.548   -2.803   -3.433   -3.367   -3.504   -2.499   -3.082   -2.626   -2.925   -2.684   -3.111   -2.864   -3.758   -3.144   -3.389   -2.514   -3.308   -3.375   -3.715   -3.472   -3.114   -3.251   -3.804   -3.882   -4.027   -3.609   -3.394   -3.804   -3.517   -2.945   -3.192   -3.376   -3.217   -3.373   -3.860   -3.488   -3.402   -3.626   -3.974   -3.773   -4.125   -2.987   -2.785   -3.187   -3.079   -3.083   -2.992   -3.793   -3.482   -3.911   -3.318   -3.468   -4.001   -4.147   -3.226   -3.076   -3.069   -3.511   -3.106   -3.735   -3.115   -3.914   -3.757   -3.194   -3.680   -4.132   -3.847   -3.563   -3.302   -3.434   -3.654   -3.922   -3.928   -4.374   -4.212   -3.890   -3.319   -3.888   -3.271   -3.949   -3.599   -3.644   -3.721   -3.305   -3.980   -3.815   -4.568   -4.244   -3.655   -3.732   -4.716   -4.548   -3.804 
DATE 2017:115:19:54:20 obsn 102 az 327 el 42 freq_MHz  1424.0000 Tsys 158.644 Tant 274.040 vlsr  -12.00 glat -2.085 glon 111.575 azoff 6.77 eloff 0.00 source Cass 
Fstart 1422.997 fstop 1425.003 spacing 0.009375 bw    2.400 fbw    2.000 MHz nfreq 256 nsam 5242880 npoint 214 integ   111 sigma    0.310 bsw 13
Spectrum    102 integration periods
  -2.619   -2.737   -2.643   -2.608   -2.953   -2.564   -2.763   -3.581   -2.961   -2.513   -3.119   -2.891   -2.391   -2.867   -2.319   -2.477   -2.515   -2.855   -2.914   -2.264   -2.747   -2.464   -2.570   -3.327   -2.530   -2.556   -2.788   -2.709   -2.665   -2.646   -2.972   -2.943   -2.935   -3.023   -2.495   -3.086   -2.391   -2.448   -2.632   -2.581   -2.525   -2.288   -3.385   -3.160   -2.656   -3.091   -2.883   -3.050   -2.835   -2.332   -2.772   -2.643   -3.054   -2.968   -2.774   -3.293   -2.952   -3.214   -2.766   -3.065   -3.143   -2.786   -2.911   -2.633   -2.338   -2.339   -2.743   -2.798   -2.711   -2.266   -2.536   -2.542   -2.708   -2.611   -2.950   -2.502   -3.370   -3.018   -2.410   -3.066   -3.326   -3.479   -3.271   -3.300   -3.259   -2.722   -3.081   -3.641   -3.309   -3.444   -2.339   -3.105   -3.050   -3.333   -3.472   -3.586   -2.724   -2.896   -3.704   -3.417   -3.564   -3.570   -2.931   -3.591   -3.063   -3.033   -3.730   -3.394   -2.730   -2.933   -3.222   -2.432   -3.309   -2.565   -2.986   -2.501   -2.727   -2.977   -2.778   -2.237   -2.124   -2.626   -2.880   -3.376   -3.257   -3.492   -2.628   -3.165   -2.747   -3.041   -2.769   -3.196   -2.984   -3.843   -2.981   -3.436   -2.633   -3.340   -3.526   -3.726   -3.539   -3.168   -3.208   -3.875   -3.770   -4.197   -3.792   -3.362   -3.931   -3.667   -3.144   -2.959   -3.316   -3.191   -3.503   -3.778   -3.597   -3.362   -3.524   -4.175   -3.871   -4.233   -2.972   -2.760   -3.297   -3.226   -3.175   -2.924   -3.756   -3.389   -3.758   -3.409   -3.325   -4.016   -4.074   -3.220   -3.220   -3.227   -3.489   -3.282   -4.005   -3.112   -3.856   -3.700   -3.283   -3.528   -4.030   -3.714   -3.689   -3.364   -3.430   -3.764   -3.962   -3.837   -4.344   -4.011   -3.953   -3.416   -4.041   -3.118   -4.012   -3.709   -3.640   -3.819   -3.338   -4.006   -3.800   -4.439   -4.350   -3.677   -3.754   -4.765   -4.437   -3.662 
DATE 2017:115:19:54:42 obsn 103 az 321 el 42 freq_MHz  1424.0000 Tsys 158.644 Tant 260.702 vlsr  -12.00 glat -2.085 glon 111.575 azoff 0.00 eloff 0.00 source Cass 
Fstart 1422.997 fstop 1425.003 spacing 0.009375 bw    2.400 fbw    2.000 MHz nfreq 256 nsam 5242880 npoint 214 integ   122 sigma    0.296 bsw 14
Spectrum    112 integration periods
  -2.490   -2.491   -2.571   -2.589   -2.870   -2.471   -2.739   -3.318   -2.777   -2.387   -3.006   -2.761   -2.356   -2.705   -2.427   -2.293   -2.397   -2.749   -2.737   -2.322   -2.634   -2.282   -2.424   -3.254   -2.701   -2.454   -2.833   -2.673   -2.716   -2.563   -2.975   -2.926   -2.779   -2.987   -2.380   -3.032   -2.543   -2.472   -2.615   -2.453   -2.343   -2.261   -3.114   -3.005   -2.733   -3.124   -2.797   -3.031   -2.653   -2.300   -2.739   -2.655   -2.914   -2.956   -2.720   -3.137   -3.006   -3.300   -2.824   -3.247   -3.028   -2.759   -2.740   -2.657   -2.399   -2.452   -2.798   -2.822   -2.636   -2.308   -2.536   -2.548   -2.690   -2.619   -2.923   -2.429   -3.485   -2.986   -2.373   -3.055   -3.412   -3.491   -3.152   -3.305   -3.212   -2.733   -3.083   -3.694   -3.260   -3.337   -2.395   -3.094   -3.000   -3.329   -3.402   -3.607   -2.785   -2.826   -3.617   -3.407   -3.384   -3.431   -2.957   -3.511   -2.910   -3.037   -4.105   -3.252   -2.613   -2.961   -3.193   -2.317   -3.232   -2.589   -2.838   -2.406   -2.678   -2.997   -2.845   -2.231   -2.179   -2.575   -2.774   -3.256   -3.257   -3.442   -2.735   -3.054   -2.654   -2.922   -2.827   -3.025   -2.919   -3.711   -3.103   -3.392   -2.575   -3.364   -3.562   -3.720   -3.491   -3.179   -3.386   -3.753   -3.694   -4.192   -3.745   -3.374   -3.898   -3.714   -3.201   -3.056   -3.390   -3.186   -3.562   -3.693   -3.580   -3.411   -3.425   -4.107   -3.855   -4.144   -3.012   -2.875   -3.328   -3.484   -3.251   -3.020   -3.735   -3.383   -3.741   -3.509   -3.442   -4.082   -3.975   -3.380   -3.276   -3.259   -3.525   -3.412   -3.995   -3.256   -3.860   -3.630   -3.353   -3.635   -4.051   -3.880   -3.721   -3.414   -3.531   -3.882   -4.029   -3.780   -4.291   -4.025   -4.064   -3.574   -4.064   -3.223   -4.109   -3.696   -3.513   -3.898   -3.487   -3.979   -3.786   -4.380   -4.349   -3.686   -3.765   -4.577   -4.303   -3.859 
DATE 2017:115:19:55:03 obsn 104 az 314 el 42 freq_MHz  1424.0000 Tsys 158.644 Tant 282.056 vlsr  -12.00 glat -2.085 glon 111.575 azoff -6.76 eloff 0.00 source Cass 
Fstart 1422.997 fstop 1425.003 spacing 0.009375 bw    2.400 fbw    2.000 MHz nfreq 256 nsam 5242880 npoint 214 integ   133 sigma    0.284 bsw 15
Spectrum    122 integration periods
  -2.825   -2.741   -2.989   -2.816   -3.233   -2.816   -3.053   -3.697   -3.160   -2.681   -3.328   -3.241   -2.669   -2.988   -2.767   -2.703   -2.657   -3.223   -3.050   -2.600   -2.909   -2.623   -2.839   -3.670   -3.053   -2.921   -3.204   -2.962   -3.004   -3.055   -3.441   -3.295   -3.156   -3.429   -2.764   -3.139   -2.843   -2.710   -2.926   -2.912   -2.781   -2.572   -3.420   -3.291   -3.088   -3.438   -3.185   -3.354   -2.984   -2.567   -3.069   -2.986   -3.166   -3.238   -3.184   -3.532   -3.285   -3.527   -3.105   -3.509   -3.256   -2.875   -3.027   -2.908   -2.667   -2.768   -3.145   -3.128   -2.968   -2.722   -2.929   -2.773   -3.007   -2.884   -3.238   -2.711   -3.746   -3.303   -2.715   -3.419   -3.759   -3.774   -3.521   -3.744   -3.594   -3.042   -3.379   -3.897   -3.591   -3.629   -2.579   -3.389   -3.267   -3.720   -3.766   -3.855   -3.053   -3.167   -3.728   -3.588   -3.626   -3.706   -3.284   -3.772   -3.268   -3.357   -4.432   -3.516   -2.903   -3.281   -3.430   -2.579   -3.260   -2.936   -3.100   -2.734   -2.988   -3.219   -3.252   -2.628   -2.689   -2.917   -3.090   -3.418   -3.518   -3.684   -3.016   -3.405   -2.994   -3.128   -3.127   -3.367   -3.114   -3.941   -3.362   -3.558   -2.758   -3.620   -3.759   -4.053   -3.653   -3.329   -3.650   -3.813   -3.875   -4.487   -3.972   -3.861   -4.336   -4.018   -3.495   -3.399   -3.673   -3.355   -3.640   -3.945   -3.765   -3.718   -3.679   -4.312   -4.261   -4.153   -3.370   -3.108   -3.521   -3.647   -3.570   -3.470   -4.090   -3.519   -3.805   -3.769   -3.788   -4.242   -4.178   -3.453   -3.447   -3.550   -3.763   -3.511   -4.227   -3.580   -4.142   -3.698   -3.484   -3.849   -4.129   -4.175   -3.897   -3.606   -3.767   -4.014   -4.033   -3.979   -4.616   -4.354   -4.225   -3.795   -4.236   -3.445   -4.372   -3.929   -3.714   -4.046   -3.631   -4.248   -4.182   -4.588   -4.397   -3.909   -4.016   -4.762   -4.368   -4.057 
DATE 2017:115:19:55:26 obsn 105 az 321 el 42 freq_MHz  1424.0000 Tsys 158.644 Tant 268.533 vlsr  -12.00 glat -2.085 glon 111.575 azoff 0.00 eloff 0.00 source Cass 
Fstart 1422.997 fstop 1425.003 spacing 0.009375 bw    2.400 fbw    2.000 MHz nfreq 256 nsam 5242880 npoint 214 integ   144 sigma    0.273 bsw 16
Spectrum    132 integration periods
  -2.652   -2.525   -2.717   -2.516   -2.881   -2.521   -2.688   -3.439   -2.855   -2.508   -3.013   -3.015   -2.345   -2.708   -2.468   -2.478   -2.468   -3.066   -2.753   -2.348   -2.782   -2.461   -2.718   -3.447   -2.811   -2.836   -2.911   -2.726   -2.808   -2.885   -3.217   -3.137   -2.834   -3.055   -2.649   -2.971   -2.686   -2.527   -2.701   -2.620   -2.401   -2.446   -3.108   -3.089   -2.825   -3.132   -2.960   -3.078   -2.751   -2.418   -2.895   -2.862   -2.928   -2.953   -2.863   -3.127   -3.036   -3.289   -2.842   -3.163   -2.976   -2.581   -2.750   -2.753   -2.474   -2.565   -2.893   -2.927   -2.749   -2.563   -2.736   -2.547   -2.791   -2.704   -2.956   -2.586   -3.418   -2.961   -2.405   -3.245   -3.452   -3.447   -3.187   -3.508   -3.321   -2.820   -3.108   -3.651   -3.205   -3.387   -2.478   -3.164   -2.907   -3.456   -3.461   -3.447   -2.704   -3.014   -3.559   -3.291   -3.466   -3.484   -3.213   -3.521   -3.004   -2.995   -3.918   -3.291   -2.686   -3.030   -3.156   -2.500   -3.096   -2.772   -2.915   -2.582   -2.775   -2.929   -3.057   -2.338   -2.563   -2.706   -2.911   -3.288   -3.249   -3.426   -2.769   -3.115   -2.759   -2.868   -2.834   -3.187   -2.863   -3.755   -3.181   -3.304   -2.638   -3.308   -3.481   -3.844   -3.490   -3.197   -3.457   -3.588   -3.640   -4.222   -3.654   -3.527   -4.068   -3.662   -3.187   -3.221   -3.581   -3.192   -3.620   -3.638   -3.531   -3.482   -3.441   -4.115   -4.009   -3.951   -3.307   -2.884   -3.299   -3.410   -3.568   -3.363   -3.901   -3.254   -3.558   -3.549   -3.549   -3.901   -3.991   -3.403   -3.408   -3.323   -3.589   -3.347   -4.034   -3.353   -3.842   -3.509   -3.438   -3.633   -3.800   -3.831   -3.721   -3.467   -3.571   -3.806   -3.875   -3.764   -4.284   -4.075   -3.990   -3.560   -4.057   -3.215   -4.098   -3.884   -3.459   -3.935   -3.311   -4.095   -3.996   -4.361   -4.200   -3.738   -3.840   -4.737   -4.150   -3.906 
DATE 2017:115:19:55:53 obsn 106 az 327 el 42 freq_MHz  1424.0000 Tsys 158.644 Tant 287.982 vlsr  -12.00 glat -2.085 glon 111.575 azoff 6.75 eloff 0.00 source Cass 
Fstart 1422.997 fstop 1425.003 spacing 0.009375 bw    2.400 fbw    2.000 MHz nfreq 256 nsam 5242880 npoint 214 integ   155 sigma    0.263 bsw 17
Spectrum    142 integration periods
  -2.642   -2.617   -2.703   -2.521   -2.808   -2.544   -2.770   -3.535   -3.072   -2.532   -2.951   -3.011   -2.466   -2.830   -2.638   -2.680   -2.535   -3.052   -2.771   -2.465   -2.823   -2.683   -2.881   -3.641   -2.854   -2.798   -2.974   -2.732   -2.751   -2.948   -3.326   -3.296   -2.943   -3.096   -2.797   -3.021   -2.682   -2.642   -2.661   -2.698   -2.642   -2.595   -3.177   -3.216   -2.929   -3.216   -2.942   -3.116   -2.810   -2.474   -2.980   -2.931   -3.095   -3.006   -2.921   -3.207   -3.027   -3.372   -2.909   -3.194   -3.103   -2.650   -2.896   -2.818   -2.498   -2.669   -2.966   -2.876   -2.799   -2.629   -2.807   -2.623   -2.966   -2.848   -3.042   -2.626   -3.526   -2.981   -2.442   -3.366   -3.506   -3.501   -3.227   -3.582   -3.312   -2.902   -3.238   -3.593   -3.280   -3.526   -2.691   -3.416   -2.931   -3.475   -3.429   -3.427   -2.826   -3.114   -3.561   -3.325   -3.397   -3.551   -3.218   -3.566   -3.121   -3.042   -4.013   -3.385   -2.728   -3.101   -3.181   -2.642   -3.172   -2.885   -2.988   -2.655   -2.729   -2.992   -3.202   -2.562   -2.580   -2.835   -2.898   -3.339   -3.260   -3.457   -2.798   -3.222   -2.863   -2.962   -2.840   -3.200   -2.902   -3.583   -3.101   -3.158   -2.611   -3.276   -3.472   -3.790   -3.564   -3.160   -3.418   -3.585   -3.855   -4.289   -3.703   -3.489   -4.014   -3.518   -3.098   -3.324   -3.492   -3.215   -3.613   -3.620   -3.525   -3.454   -3.371   -4.037   -3.950   -3.917   -3.218   -2.930   -3.256   -3.225   -3.542   -3.321   -3.904   -3.159   -3.546   -3.505   -3.454   -3.824   -3.954   -3.351   -3.469   -3.258   -3.528   -3.404   -4.031   -3.312   -3.837   -3.566   -3.501   -3.592   -3.714   -3.803   -3.762   -3.423   -3.561   -3.770   -3.943   -3.746   -4.229   -4.078   -3.987   -3.520   -4.057   -3.196   -3.980   -3.791   -3.432   -3.933   -3.334   -4.033   -3.965   -4.232   -4.229   -3.714   -3.729   -4.666   -4.145   -3.860 
DATE 2017:115:19:56:14 obsn 107 az 321 el 42 freq_MHz  1424.0000 Tsys 158.644 Tant 266.497 vlsr  -12.00 glat -2.085 glon 111.575 azoff 0.00 eloff 0.00 source Cass 
Fstart 1422.997 fstop 1425.003 spacing 0.009375 bw    2.400 fbw    2.000 MHz nfreq 256 nsam 5242880 npoint 214 integ   166 sigma    0.254 bsw 18
Spectrum    152 integration periods
  -2.925   -2.910   -3.041   -2.891   -3.011   -2.764   -2.960   -3.570   -3.364   -2.932   -3.257   -3.242   -2.852   -3.070   -2.988   -2.961   -2.923   -3.309   -3.048   -2.755   -3.071   -3.102   -3.157   -3.746   -3.142   -3.066   -3.245   -3.102   -3.205   -3.203   -3.639   -3.529   -3.300   -3.498   -3.112   -3.314   -3.107   -2.933   -3.018   -2.941   -2.817   -2.908   -3.449   -3.495   -3.243   -3.485   -3.144   -3.355   -3.071   -2.792   -3.267   -3.225   -3.462   -3.345   -3.250   -3.444   -3.294   -3.718   -3.327   -3.535   -3.381   -2.870   -3.146   -3.205   -2.750   -3.024   -3.140   -3.177   -3.164   -2.800   -3.028   -3.031   -3.272   -3.196   -3.307   -2.991   -3.861   -3.294   -2.913   -3.630   -3.761   -3.793   -3.515   -3.874   -3.591   -3.337   -3.558   -3.892   -3.469   -3.728   -3.005   -3.744   -3.303   -3.741   -3.561   -3.653   -3.237   -3.447   -3.807   -3.510   -3.689   -3.734   -3.531   -3.889   -3.422   -3.365   -4.438   -3.732   -3.001   -3.409   -3.430   -2.845   -3.453   -3.129   -3.284   -2.929   -2.976   -3.171   -3.483   -2.865   -2.882   -3.068   -3.108   -3.570   -3.570   -3.647   -3.233   -3.503   -3.185   -3.231   -3.060   -3.483   -3.140   -3.865   -3.409   -3.505   -3.096   -3.562   -3.858   -4.027   -3.919   -3.438   -3.695   -3.857   -4.060   -4.538   -3.997   -3.807   -4.237   -3.790   -3.369   -3.792   -3.837   -3.436   -3.831   -3.933   -3.940   -3.840   -3.649   -4.328   -4.338   -4.153   -3.454   -3.174   -3.575   -3.534   -3.763   -3.570   -4.137   -3.433   -3.753   -3.773   -3.784   -4.129   -4.264   -3.486   -3.896   -3.521   -3.799   -3.713   -4.276   -3.564   -4.116   -3.779   -3.733   -3.907   -4.033   -4.111   -4.050   -3.804   -3.837   -4.090   -4.368   -4.094   -4.534   -4.416   -4.355   -3.813   -4.361   -3.501   -4.279   -4.060   -3.802   -4.267   -3.763   -4.410   -4.452   -4.601   -4.485   -3.979   -3.978   -4.819   -4.426   -4.297 
DATE 2017:115:19:56:35 obsn 108 az 314 el 42 freq_MHz  1424.0000 Tsys 158.644 Tant 266.034 vlsr  -12.00 glat -2.085 glon 111.575 azoff -6.74 eloff 0.00 source Cass 
Fstart 1422.997 fstop 1425.003 spacing 0.009375 bw    2.400 fbw    2.000 MHz nfreq 256 nsam 5242880 npoint 214 integ   177 sigma    0.246 bsw 19
Spectrum    162 integration periods
  -2.890   -2.952   -3.014   -2.861   -3.107   -2.662   -2.874   -3.588   -3.404   -2.902   -3.160   -3.167   -2.869   -3.110   -2.992   -2.971   -2.897   -3.284   -2.984   -2.822   -3.055   -3.149   -3.115   -3.677   -3.189   -3.084   -3.328   -3.155   -3.317   -3.267   -3.554   -3.484   -3.273   -3.574   -3.006   -3.335   -3.089   -3.019   -2.961   -2.918   -2.748   -2.954   -3.410   -3.495   -3.218   -3.386   -3.117   -3.273   -2.955   -2.846   -3.137   -3.260   -3.455   -3.379   -3.300   -3.351   -3.289   -3.655   -3.314   -3.516   -3.502   -2.947   -3.258   -3.167   -2.821   -2.949   -3.129   -3.150   -3.061   -2.801   -2.971   -3.035   -3.242   -3.242   -3.342   -3.115   -3.826   -3.209   -2.883   -3.537   -3.753   -3.595   -3.598   -3.904   -3.553   -3.404   -3.478   -3.739   -3.341   -3.613   -2.928   -3.630   -3.291   -3.706   -3.452   -3.409   -3.144   -3.457   -3.656   -3.399   -3.712   -3.632   -3.491   -3.822   -3.277   -3.391   -4.402   -3.712   -3.042   -3.387   -3.446   -2.871   -3.310   -3.102   -3.200   -2.944   -2.937   -3.121   -3.408   -2.788   -2.860   -2.935   -2.985   -3.595   -3.468   -3.493   -3.126   -3.543   -3.195   -3.343   -2.963   -3.481   -3.248   -3.835   -3.374   -3.475   -3.001   -3.508   -3.849   -3.946   -3.833   -3.294   -3.621   -3.785   -3.909   -4.369   -3.962   -3.763   -4.161   -3.805   -3.242   -3.712   -3.672   -3.337   -3.716   -3.769   -3.767   -3.930   -3.513   -4.175   -4.357   -4.045   -3.449   -3.123   -3.572   -3.504   -3.635   -3.478   -3.996   -3.476   -3.735   -3.752   -3.620   -3.964   -4.208   -3.375   -3.773   -3.465   -3.773   -3.552   -4.164   -3.402   -4.056   -3.693   -3.681   -3.830   -3.895   -4.143   -3.911   -3.726   -3.770   -3.911   -4.330   -3.988   -4.493   -4.407   -4.142   -3.852   -4.288   -3.513   -4.231   -4.055   -3.605   -4.129   -3.703   -4.314   -4.445   -4.455   -4.382   -3.784   -3.992   -4.729   -4.300   -4.271 
DATE 2017:115:19:56:59 obsn 109 az 321 el 42 freq_MHz  1424.0000 Tsys 158.644 Tant 266.282 vlsr  -12.00 glat -2.085 glon 111.575 azoff 0.00 eloff 0.00 source Cass 
Fstart 1422.997 fstop 1425.003 spacing 0.009375 bw    2.400 fbw    2.000 MHz nfreq 256 nsam 5242880 npoint 214 integ   188 sigma    0.239 bsw 20
Spectrum    172 integration periods
  -2.693   -2.844   -2.881   -2.702   -2.887   -2.491   -2.683   -3.449   -3.209   -2.798   -2.961   -3.001   -2.740   -2.814   -2.896   -2.727   -2.727   -3.045   -2.825   -2.749   -2.818   -2.977   -3.022   -3.498   -3.047   -2.939   -3.175   -2.901   -3.122   -3.166   -3.352   -3.253   -3.085   -3.325   -2.736   -3.164   -2.972   -2.918   -2.770   -2.801   -2.597   -2.749   -3.198   -3.346   -3.044   -3.183   -2.953   -3.023   -2.810   -2.776   -2.878   -3.070   -3.251   -3.225   -3.130   -3.204   -2.973   -3.517   -3.190   -3.249   -3.263   -2.725   -3.078   -2.944   -2.581   -2.793   -3.007   -2.897   -2.798   -2.627   -2.757   -2.852   -3.039   -3.052   -3.114   -2.982   -3.599   -2.897   -2.719   -3.369   -3.501   -3.318   -3.419   -3.690   -3.314   -3.233   -3.304   -3.605   -3.068   -3.473   -2.833   -3.423   -3.142   -3.609   -3.260   -3.167   -2.920   -3.222   -3.432   -3.131   -3.537   -3.363   -3.289   -3.594   -3.053   -3.179   -3.917   -3.493   -2.735   -3.184   -3.217   -2.701   -3.111   -2.986   -2.972   -2.711   -2.771   -2.935   -3.192   -2.604   -2.669   -2.672   -2.852   -3.379   -3.254   -3.247   -2.905   -3.348   -3.016   -3.204   -2.865   -3.345   -3.043   -3.605   -3.274   -3.310   -2.769   -3.350   -3.668   -3.727   -3.571   -3.116   -3.360   -3.507   -3.666   -4.082   -3.830   -3.566   -3.952   -3.555   -3.004   -3.515   -3.471   -3.261   -3.529   -3.448   -3.514   -3.651   -3.345   -4.004   -4.116   -3.880   -3.245   -3.016   -3.380   -3.256   -3.456   -3.283   -3.717   -3.371   -3.586   -3.543   -3.444   -3.728   -3.965   -3.207   -3.576   -3.176   -3.661   -3.310   -3.968   -3.255   -3.840   -3.489   -3.580   -3.795   -3.709   -4.068   -3.822   -3.541   -3.563   -3.697   -4.098   -3.775   -4.238   -4.200   -3.891   -3.604   -4.054   -3.306   -4.025   -3.962   -3.441   -3.959   -3.440   -4.155   -4.268   -4.216   -4.205   -3.572   -3.857   -4.654   -4.063   -3.960 
DATE 2017:115:19:57:26 obsn 110 az 327 el 42 freq_MHz  1424.0000 Tsys 158.644 Tant 276.894 vlsr  -12.00 glat -2.085 glon 111.575 azoff 6.73 eloff 0.00 source Cass 
Fstart 1422.997 fstop 1425.003 spacing 0.009375 bw    2.400 fbw    2.000 MHz nfreq 256 nsam 5242880 npoint 214 integ   199 sigma    0.232 bsw 21
Spectrum    182 integration periods
  -2.402   -2.480   -2.574   -2.358   -2.557   -2.126   -2.304   -3.074   -2.921   -2.555   -2.684   -2.817   -2.442   -2.545   -2.585   -2.494   -2.408   -2.693   -2.516   -2.501   -2.470   -2.606   -2.685   -3.138   -2.672   -2.634   -2.990   -2.637   -2.838   -2.839   -3.030   -3.056   -2.677   -2.907   -2.394   -2.771   -2.676   -2.603   -2.520   -2.556   -2.239   -2.444   -2.912   -2.929   -2.669   -2.809   -2.651   -2.669   -2.530   -2.439   -2.552   -2.820   -2.950   -2.854   -2.827   -2.970   -2.782   -3.250   -2.914   -2.960   -3.018   -2.409   -2.692   -2.582   -2.313   -2.486   -2.728   -2.652   -2.432   -2.421   -2.501   -2.542   -2.754   -2.842   -2.756   -2.723   -3.265   -2.677   -2.424   -2.980   -3.299   -3.007   -2.999   -3.298   -3.002   -2.971   -2.909   -3.295   -2.744   -3.280   -2.638   -3.109   -2.883   -3.368   -2.965   -2.890   -2.600   -2.946   -3.233   -2.807   -3.200   -3.072   -2.973   -3.222   -2.671   -2.890   -3.683   -3.149   -2.450   -2.953   -2.855   -2.479   -2.864   -2.643   -2.697   -2.427   -2.495   -2.576   -2.849   -2.309   -2.340   -2.318   -2.564   -3.095   -2.960   -2.901   -2.607   -3.109   -2.700   -2.950   -2.509   -3.063   -2.686   -3.288   -2.946   -2.988   -2.593   -3.029   -3.419   -3.437   -3.229   -2.853   -3.087   -3.202   -3.416   -3.732   -3.489   -3.325   -3.638   -3.288   -2.763   -3.260   -3.200   -2.903   -3.128   -3.162   -3.174   -3.381   -3.129   -3.706   -3.807   -3.538   -2.880   -2.691   -3.062   -2.923   -3.154   -2.951   -3.467   -3.062   -3.205   -3.220   -3.094   -3.401   -3.597   -2.940   -3.333   -2.936   -3.325   -3.057   -3.519   -2.987   -3.494   -3.218   -3.338   -3.492   -3.527   -3.748   -3.600   -3.209   -3.256   -3.422   -3.685   -3.478   -3.951   -3.936   -3.624   -3.324   -3.810   -2.972   -3.789   -3.611   -3.279   -3.745   -3.150   -3.849   -3.830   -3.985   -3.930   -3.227   -3.479   -4.466   -3.824   -3.738 
DATE 2017:115:19:57:47 obsn 111 az 321 el 42 freq_MHz  1424.0000 Tsys 158.644 Tant 263.253 vlsr  -12.00 glat -2.085 glon 111.575 azoff 0.00 eloff 0.00 source Cass 
Fstart 1422.997 fstop 1425.003 spacing 0.009375 bw    2.400 fbw    2.000 MHz nfreq 256 nsam 5242880 npoint 214 integ   210 sigma    0.226 bsw 22
Spectrum    192 integration periods
  -2.344   -2.419   -2.594   -2.343   -2.596   -2.135   -2.270   -2.901   -2.851   -2.547   -2.664   -2.775   -2.424   -2.485   -2.544   -2.522   -2.397   -2.662   -2.520   -2.451   -2.415   -2.493   -2.731   -3.069   -2.665   -2.614   -2.978   -2.650   -2.849   -2.817   -3.058   -3.111   -2.683   -2.780   -2.413   -2.834   -2.681   -2.536   -2.537   -2.599   -2.216   -2.373   -2.931   -2.891   -2.603   -2.716   -2.642   -2.623   -2.552   -2.407   -2.592   -2.689   -2.938   -2.828   -2.808   -2.856   -2.760   -3.207   -2.896   -2.966   -3.044   -2.369   -2.796   -2.567   -2.249   -2.578   -2.749   -2.623   -2.434   -2.455   -2.481   -2.560   -2.700   -2.945   -2.806   -2.697   -3.264   -2.653   -2.399   -3.011   -3.268   -2.973   -2.997   -3.226   -2.887   -3.022   -2.791   -3.237   -2.741   -3.220   -2.628   -3.102   -2.959   -3.416   -2.946   -2.876   -2.673   -2.962   -3.229   -2.806   -3.137   -3.037   -2.945   -3.129   -2.657   -2.854   -3.850   -3.139   -2.399   -2.927   -2.777   -2.499   -2.851   -2.682   -2.658   -2.439   -2.592   -2.576   -2.857   -2.256   -2.318   -2.381   -2.520   -3.042   -2.956   -2.923   -2.636   -3.093   -2.775   -2.896   -2.446   -2.984   -2.672   -3.300   -2.940   -3.016   -2.569   -2.985   -3.383   -3.514   -3.207   -2.827   -3.067   -3.143   -3.330   -3.706   -3.441   -3.314   -3.651   -3.261   -2.789   -3.256   -3.222   -2.826   -3.187   -3.180   -3.212   -3.435   -3.074   -3.644   -3.752   -3.503   -2.936   -2.673   -3.126   -2.826   -3.136   -3.012   -3.437   -3.164   -3.235   -3.216   -3.080   -3.389   -3.568   -2.940   -3.355   -2.831   -3.315   -3.046   -3.453   -3.038   -3.500   -3.198   -3.340   -3.472   -3.441   -3.661   -3.610   -3.206   -3.206   -3.403   -3.684   -3.453   -3.940   -3.949   -3.615   -3.255   -3.880   -3.094   -3.762   -3.607   -3.302   -3.691   -3.180   -3.882   -3.853   -3.996   -3.897   -3.237   -3.555   -4.372   -3.807   -3.723 
DATE 2017:115:19:58:08 obsn 112 az 314 el 42 freq_MHz  1424.0000 Tsys 158.644 Tant 266.126 vlsr  -12.00 glat -2.085 glon 111.575 azoff -6.72 eloff 0.00 source Cass 
Fstart 1422.997 fstop 1425.003 spacing 0.009375 bw    2.400 fbw    2.000 MHz nfreq 256 nsam 5242880 npoint 214 integ   221 sigma    0.221 bsw 23
Spectrum    202 integration periods
  -2.239   -2.257   -2.373   -2.148   -2.481   -2.005   -2.087   -2.733   -2.648   -2.424   -2.466   -2.628   -2.267   -2.424   -2.326   -2.444   -2.289   -2.554   -2.449   -2.433   -2.229   -2.349   -2.539   -2.847   -2.475   -2.495   -2.794   -2.478   -2.726   -2.705   -2.850   -2.950   -2.585   -2.614   -2.214   -2.632   -2.438   -2.374   -2.348   -2.447   -1.948   -2.301   -2.752   -2.715   -2.453   -2.624   -2.505   -2.487   -2.442   -2.271   -2.491   -2.504   -2.765   -2.636   -2.613   -2.708   -2.549   -2.975   -2.792   -2.865   -2.871   -2.171   -2.614   -2.416   -2.081   -2.491   -2.617   -2.387   -2.295   -2.318   -2.367   -2.265   -2.506   -2.919   -2.679   -2.429   -3.074   -2.456   -2.297   -2.763   -3.037   -2.801   -2.826   -2.940   -2.635   -2.841   -2.635   -3.042   -2.604   -3.000   -2.399   -2.988   -2.754   -3.261   -2.862   -2.659   -2.564   -2.816   -2.968   -2.660   -2.904   -2.940   -2.820   -2.934   -2.486   -2.694   -3.586   -3.042   -2.325   -2.744   -2.620   -2.384   -2.665   -2.481   -2.422   -2.230   -2.357   -2.374   -2.701   -2.217   -2.132   -2.201   -2.316   -2.811   -2.717   -2.779   -2.467   -2.937   -2.519   -2.707   -2.374   -2.846   -2.484   -3.145   -2.817   -2.841   -2.489   -2.878   -3.145   -3.298   -3.042   -2.680   -2.922   -2.956   -3.188   -3.482   -3.183   -3.169   -3.429   -3.137   -2.583   -3.094   -2.991   -2.680   -2.943   -2.980   -3.029   -3.199   -2.854   -3.328   -3.512   -3.243   -2.805   -2.535   -2.943   -2.660   -2.883   -2.748   -3.158   -3.022   -3.112   -3.039   -2.946   -3.223   -3.327   -2.708   -3.178   -2.704   -3.070   -2.913   -3.181   -2.860   -3.297   -2.899   -3.220   -3.243   -3.246   -3.490   -3.383   -3.048   -2.978   -3.254   -3.419   -3.258   -3.742   -3.793   -3.436   -3.059   -3.577   -2.896   -3.538   -3.422   -3.138   -3.461   -3.022   -3.688   -3.673   -3.845   -3.734   -3.036   -3.339   -4.301   -3.642   -3.531 
DATE 2017:115:19:58:31 obsn 113 az 321 el 42 freq_MHz  1424.0000 Tsys 158.644 Tant 264.204 vlsr  -12.00 glat -2.085 glon 111.575 azoff 0.00 eloff 0.00 source Cass 
Fstart 1422.997 fstop 1425.003 spacing 0.009375 bw    2.400 fbw    2.000 MHz nfreq 256 nsam 5242880 npoint 214 integ   232 sigma    0.215 bsw 24
Spectrum    212 integration periods
  -2.112   -2.102   -2.234   -2.068   -2.401   -1.894   -1.958   -2.536   -2.435   -2.276   -2.319   -2.517   -2.119   -2.259   -2.106   -2.339   -2.141   -2.412   -2.266   -2.279   -2.131   -2.213   -2.387   -2.651   -2.261   -2.303   -2.630   -2.348   -2.654   -2.566   -2.736   -2.763   -2.443   -2.364   -2.135   -2.498   -2.283   -2.215   -2.121   -2.280   -1.881   -2.207   -2.618   -2.491   -2.210   -2.460   -2.406   -2.350   -2.287   -2.095   -2.369   -2.298   -2.629   -2.424   -2.477   -2.475   -2.320   -2.725   -2.680   -2.626   -2.649   -1.971   -2.424   -2.205   -1.908   -2.323   -2.509   -2.234   -2.154   -2.141   -2.137   -2.165   -2.303   -2.681   -2.518   -2.278   -2.838   -2.211   -2.133   -2.606   -2.891   -2.678   -2.673   -2.688   -2.441   -2.710   -2.477   -2.867   -2.328   -2.803   -2.233   -2.817   -2.609   -3.134   -2.754   -2.483   -2.345   -2.642   -2.842   -2.446   -2.705   -2.726   -2.653   -2.824   -2.347   -2.484   -3.186   -2.871   -2.220   -2.518   -2.448   -2.235   -2.535   -2.348   -2.246   -2.124   -2.130   -2.234   -2.486   -2.048   -2.009   -2.060   -2.097   -2.647   -2.496   -2.649   -2.309   -2.872   -2.331   -2.461   -2.214   -2.657   -2.385   -3.043   -2.686   -2.630   -2.415   -2.712   -3.006   -3.129   -2.951   -2.470   -2.756   -2.794   -3.019   -3.302   -3.073   -2.974   -3.217   -3.030   -2.462   -2.948   -2.783   -2.622   -2.782   -2.867   -2.805   -3.040   -2.626   -3.150   -3.282   -3.181   -2.656   -2.382   -2.703   -2.520   -2.783   -2.678   -2.982   -2.811   -2.905   -2.900   -2.845   -3.127   -3.132   -2.544   -3.044   -2.618   -2.934   -2.774   -3.061   -2.651   -3.114   -2.747   -3.096   -3.097   -3.044   -3.351   -3.216   -2.934   -2.943   -3.101   -3.232   -3.112   -3.564   -3.643   -3.334   -2.870   -3.372   -2.713   -3.376   -3.257   -2.956   -3.285   -2.907   -3.454   -3.456   -3.676   -3.619   -2.856   -3.192   -4.320   -3.411   -3.325 
DATE 2017:115:19:58:58 obsn 114 az 327 el 42 freq_MHz  1424.0000 Tsys 158.644 Tant 269.394 vlsr  -12.00 glat -2.085 glon 111.575 azoff 6.71 eloff 0.00 source Cass 
Fstart 1422.997 fstop 1425.003 spacing 0.009375 bw    2.400 fbw    2.000 MHz nfreq 256 nsam 5242880 npoint 214 integ   242 sigma    0.210 bsw 25
Spectrum    222 integration periods
  -2.071   -2.014   -2.142   -2.058   -2.396   -1.947   -1.978   -2.557   -2.382   -2.219   -2.241   -2.437   -2.097   -2.207   -2.109   -2.362   -2.058   -2.342   -2.252   -2.268   -2.115   -2.156   -2.391   -2.626   -2.255   -2.277   -2.664   -2.353   -2.622   -2.523   -2.660   -2.787   -2.397   -2.295   -2.098   -2.530   -2.239   -2.204   -2.134   -2.257   -1.824   -2.126   -2.639   -2.553   -2.222   -2.430   -2.437   -2.376   -2.216   -2.112   -2.357   -2.283   -2.566   -2.447   -2.461   -2.488   -2.267   -2.683   -2.595   -2.636   -2.634   -1.980   -2.393   -2.214   -1.969   -2.310   -2.459   -2.256   -2.126   -2.087   -2.178   -2.208   -2.354   -2.615   -2.555   -2.283   -2.822   -2.237   -2.164   -2.636   -2.835   -2.659   -2.629   -2.752   -2.344   -2.721   -2.466   -2.820   -2.381   -2.757   -2.237   -2.779   -2.578   -3.132   -2.783   -2.568   -2.421   -2.610   -2.805   -2.426   -2.684   -2.660   -2.683   -2.803   -2.401   -2.494   -3.286   -2.825   -2.251   -2.512   -2.407   -2.240   -2.571   -2.324   -2.256   -2.150   -2.088   -2.169   -2.482   -2.020   -2.047   -2.030   -2.124   -2.652   -2.463   -2.653   -2.333   -2.867   -2.368   -2.450   -2.182   -2.735   -2.496   -2.973   -2.702   -2.680   -2.457   -2.737   -3.002   -3.158   -2.999   -2.505   -2.760   -2.794   -3.078   -3.296   -3.124   -3.062   -3.305   -3.144   -2.423   -3.039   -2.749   -2.646   -2.802   -2.941   -2.847   -3.054   -2.622   -3.121   -3.335   -3.225   -2.734   -2.436   -2.802   -2.562   -2.851   -2.699   -2.940   -2.889   -2.888   -2.861   -2.878   -3.083   -3.133   -2.622   -3.135   -2.660   -3.010   -2.823   -3.073   -2.703   -3.190   -2.698   -3.121   -3.064   -3.031   -3.312   -3.173   -2.979   -2.953   -3.091   -3.290   -3.128   -3.665   -3.648   -3.432   -2.858   -3.482   -2.767   -3.367   -3.282   -2.998   -3.230   -3.017   -3.440   -3.468   -3.718   -3.602   -2.999   -3.185   -4.318   -3.400   -3.397 
DATE 2017:115:19:59:19 obsn 115 az 321 el 42 freq_MHz  1424.0000 Tsys 158.644 Tant 263.869 vlsr  -12.00 glat -2.085 glon 111.575 azoff 0.00 eloff 0.00 source Cass 
Fstart 1422.997 fstop 1425.003 spacing 0.009375 bw    2.400 fbw    2.000 MHz nfreq 256 nsam 5242880 npoint 214 integ   253 sigma    0.206 bsw 26
Spectrum    232 integration periods
  -2.071   -1.938   -2.091   -2.000   -2.257   -1.891   -1.959   -2.448   -2.304   -2.131   -2.178   -2.349   -2.106   -2.184   -2.049   -2.403   -1.979   -2.252   -2.167   -2.181   -2.091   -2.040   -2.281   -2.557   -2.183   -2.202   -2.636   -2.299   -2.623   -2.432   -2.583   -2.654   -2.346   -2.245   -1.990   -2.499   -2.202   -2.190   -2.048   -2.220   -1.774   -2.040   -2.531   -2.432   -2.170   -2.371   -2.404   -2.276   -2.124   -2.050   -2.267   -2.204   -2.509   -2.311   -2.419   -2.398   -2.188   -2.582   -2.505   -2.511   -2.556   -1.857   -2.331   -2.112   -1.933   -2.213   -2.380   -2.212   -2.079   -2.043   -2.133   -2.163   -2.334   -2.561   -2.459   -2.210   -2.726   -2.191   -2.151   -2.604   -2.721   -2.645   -2.524   -2.691   -2.320   -2.639   -2.406   -2.739   -2.302   -2.642   -2.128   -2.725   -2.487   -3.043   -2.685   -2.454   -2.286   -2.513   -2.681   -2.302   -2.564   -2.574   -2.559   -2.732   -2.398   -2.383   -3.380   -2.825   -2.153   -2.483   -2.370   -2.187   -2.573   -2.262   -2.169   -2.087   -2.016   -2.085   -2.338   -1.976   -1.936   -1.910   -2.055   -2.559   -2.343   -2.571   -2.271   -2.716   -2.265   -2.331   -2.070   -2.569   -2.360   -2.916   -2.626   -2.646   -2.357   -2.715   -2.856   -3.012   -2.902   -2.446   -2.718   -2.678   -3.021   -3.243   -2.999   -2.965   -3.211   -3.049   -2.376   -2.947   -2.742   -2.582   -2.658   -2.864   -2.716   -2.971   -2.530   -3.066   -3.240   -3.136   -2.647   -2.370   -2.767   -2.517   -2.760   -2.646   -2.852   -2.780   -2.742   -2.834   -2.728   -2.883   -3.064   -2.604   -3.021   -2.585   -2.947   -2.764   -3.043   -2.660   -3.090   -2.636   -3.081   -3.026   -2.985   -3.321   -3.152   -2.893   -2.825   -3.040   -3.170   -3.058   -3.635   -3.636   -3.403   -2.869   -3.429   -2.662   -3.289   -3.205   -2.971   -3.167   -3.003   -3.444   -3.336   -3.662   -3.508   -2.963   -3.101   -4.227   -3.337   -3.333 
DATE 2017:115:19:59:41 obsn 116 az 314 el 42 freq_MHz  1424.0000 Tsys 158.644 Tant 266.489 vlsr  -12.00 glat -2.085 glon 111.575 azoff -6.70 eloff 0.00 source Cass 
Fstart 1422.997 fstop 1425.003 spacing 0.009375 bw    2.400 fbw    2.000 MHz nfreq 256 nsam 5242880 npoint 214 integ   264 sigma    0.202 bsw 27
Spectrum    242 integration periods
  -2.011   -1.883   -2.051   -2.018   -2.182   -1.810   -1.859   -2.429   -2.262   -2.095   -2.101   -2.288   -2.088   -2.115   -1.952   -2.384   -1.880   -2.235   -2.120   -2.138   -2.037   -2.002   -2.210   -2.494   -2.102   -2.061   -2.522   -2.289   -2.618   -2.406   -2.491   -2.546   -2.318   -2.192   -1.963   -2.462   -2.093   -2.153   -2.015   -2.135   -1.655   -1.996   -2.472   -2.319   -2.097   -2.295   -2.337   -2.247   -2.081   -1.954   -2.227   -2.129   -2.472   -2.243   -2.374   -2.330   -2.190   -2.440   -2.422   -2.454   -2.566   -1.884   -2.363   -2.131   -1.826   -2.191   -2.307   -2.099   -2.022   -2.011   -2.123   -2.121   -2.322   -2.466   -2.414   -2.185   -2.691   -2.127   -2.154   -2.553   -2.668   -2.600   -2.439   -2.614   -2.283   -2.599   -2.350   -2.647   -2.242   -2.566   -2.031   -2.630   -2.442   -2.960   -2.639   -2.417   -2.255   -2.527   -2.601   -2.214   -2.477   -2.518   -2.469   -2.632   -2.293   -2.359   -3.340   -2.795   -2.092   -2.455   -2.391   -2.144   -2.551   -2.241   -2.002   -1.999   -1.930   -1.972   -2.267   -1.960   -1.871   -1.842   -1.981   -2.545   -2.239   -2.568   -2.205   -2.621   -2.273   -2.276   -1.986   -2.455   -2.245   -2.907   -2.610   -2.545   -2.302   -2.612   -2.768   -2.859   -2.806   -2.363   -2.612   -2.599   -2.917   -3.210   -2.897   -2.944   -3.138   -2.941   -2.421   -2.872   -2.691   -2.508   -2.694   -2.786   -2.618   -2.883   -2.524   -2.991   -3.144   -2.983   -2.633   -2.300   -2.664   -2.510   -2.644   -2.632   -2.705   -2.714   -2.680   -2.677   -2.666   -2.784   -2.996   -2.583   -2.902   -2.516   -2.940   -2.658   -2.912   -2.619   -3.034   -2.563   -2.923   -2.930   -2.927   -3.211   -3.043   -2.813   -2.761   -2.927   -3.027   -2.932   -3.525   -3.525   -3.298   -2.797   -3.341   -2.527   -3.186   -3.004   -2.877   -3.080   -2.932   -3.380   -3.297   -3.603   -3.489   -2.854   -2.970   -4.246   -3.288   -3.227 
DATE 2017:115:20:00:04 obsn 117 az 321 el 42 freq_MHz  1424.0000 Tsys 158.644 Tant 266.690 vlsr  -12.00 glat -2.085 glon 111.575 azoff 0.00 eloff 0.00 source Cass 
Fstart 1422.997 fstop 1425.003 spacing 0.009375 bw    2.400 fbw    2.000 MHz nfreq 256 nsam 5242880 npoint 214 integ   275 sigma    0.198 bsw 28
Spectrum    252 integration periods
  -1.894   -1.840   -1.979   -1.915   -2.117   -1.724   -1.753   -2.364   -2.204   -2.037   -1.997   -2.203   -2.020   -2.049   -1.900   -2.290   -1.834   -2.172   -2.028   -2.064   -1.959   -1.981   -2.097   -2.329   -1.996   -1.984   -2.443   -2.162   -2.519   -2.305   -2.341   -2.409   -2.271   -2.046   -1.910   -2.348   -1.960   -1.979   -1.930   -2.068   -1.545   -1.794   -2.420   -2.155   -2.006   -2.180   -2.173   -2.196   -1.969   -1.910   -2.086   -1.991   -2.375   -2.161   -2.286   -2.214   -2.123   -2.346   -2.322   -2.344   -2.466   -1.778   -2.209   -2.039   -1.653   -2.207   -2.195   -1.970   -1.972   -1.890   -1.999   -2.012   -2.186   -2.379   -2.358   -2.020   -2.578   -2.003   -2.041   -2.438   -2.500   -2.477   -2.308   -2.530   -2.200   -2.465   -2.277   -2.517   -2.116   -2.468   -1.906   -2.457   -2.271   -2.892   -2.535   -2.339   -2.125   -2.419   -2.519   -2.111   -2.368   -2.485   -2.378   -2.579   -2.200   -2.308   -3.072   -2.624   -1.992   -2.301   -2.258   -2.018   -2.417   -2.091   -1.907   -1.982   -1.787   -1.950   -2.129   -1.761   -1.774   -1.791   -1.893   -2.404   -2.130   -2.489   -2.161   -2.512   -2.183   -2.173   -1.921   -2.360   -2.180   -2.800   -2.457   -2.448   -2.241   -2.462   -2.689   -2.766   -2.664   -2.283   -2.477   -2.506   -2.789   -3.067   -2.815   -2.873   -3.068   -2.819   -2.325   -2.799   -2.596   -2.404   -2.619   -2.685   -2.523   -2.785   -2.434   -2.862   -3.039   -2.824   -2.541   -2.168   -2.550   -2.456   -2.612   -2.524   -2.631   -2.575   -2.578   -2.628   -2.576   -2.692   -2.858   -2.446   -2.775   -2.419   -2.905   -2.526   -2.791   -2.587   -2.973   -2.447   -2.817   -2.836   -2.785   -3.154   -2.953   -2.668   -2.643   -2.763   -2.947   -2.811   -3.362   -3.444   -3.219   -2.774   -3.202   -2.427   -3.093   -2.853   -2.813   -2.941   -2.785   -3.255   -3.171   -3.492   -3.338   -2.736   -2.879   -4.284   -3.162   -3.081 
DATE 2017:115:20:00:31 obsn 118 az 327 el 42 freq_MHz  1424.0000 Tsys 158.644 Tant 274.535 vlsr  -12.00 glat -2.085 glon 111.575 azoff 6.69 eloff 0.00 source Cass 
Fstart 1422.997 fstop 1425.003 spacing 0.009375 bw    2.400 fbw    2.000 MHz nfreq 256 nsam 5242880 npoint 214 integ   286 sigma    0.194 bsw 29
Spectrum    262 integration periods
  -1.696   -1.681   -1.760   -1.727   -1.906   -1.582   -1.575   -2.145   -2.018   -1.837   -1.864   -2.044   -1.780   -1.810   -1.728   -2.113   -1.694   -2.001   -1.828   -1.900   -1.797   -1.916   -1.906   -2.125   -1.728   -1.770   -2.192   -1.986   -2.301   -2.170   -2.225   -2.277   -2.105   -1.935   -1.716   -2.221   -1.850   -1.862   -1.759   -1.876   -1.303   -1.682   -2.238   -1.991   -1.884   -2.019   -2.032   -2.023   -1.768   -1.742   -1.927   -1.827   -2.186   -1.985   -2.087   -2.023   -1.980   -2.135   -2.121   -2.114   -2.379   -1.689   -2.076   -1.875   -1.481   -1.913   -1.976   -1.763   -1.781   -1.714   -1.860   -1.837   -2.025   -2.208   -2.241   -1.898   -2.358   -1.894   -1.827   -2.236   -2.271   -2.307   -2.072   -2.316   -1.988   -2.276   -2.098   -2.334   -1.970   -2.306   -1.731   -2.274   -2.096   -2.655   -2.316   -2.155   -1.951   -2.173   -2.339   -1.927   -2.173   -2.292   -2.165   -2.400   -2.001   -2.158   -2.923   -2.517   -1.761   -2.063   -2.095   -1.794   -2.187   -1.930   -1.759   -1.759   -1.623   -1.677   -1.995   -1.610   -1.528   -1.577   -1.722   -2.247   -1.917   -2.304   -2.044   -2.314   -2.035   -1.968   -1.768   -2.189   -1.938   -2.555   -2.254   -2.286   -2.095   -2.262   -2.457   -2.531   -2.477   -2.073   -2.210   -2.290   -2.536   -2.894   -2.621   -2.688   -2.870   -2.634   -2.112   -2.589   -2.343   -2.235   -2.452   -2.495   -2.358   -2.612   -2.277   -2.649   -2.847   -2.618   -2.439   -2.022   -2.382   -2.170   -2.403   -2.334   -2.423   -2.322   -2.403   -2.404   -2.422   -2.499   -2.636   -2.220   -2.574   -2.179   -2.645   -2.391   -2.602   -2.335   -2.834   -2.208   -2.659   -2.633   -2.575   -2.998   -2.750   -2.453   -2.419   -2.505   -2.803   -2.632   -3.148   -3.211   -2.944   -2.526   -2.986   -2.259   -2.862   -2.721   -2.622   -2.777   -2.539   -3.006   -2.978   -3.312   -3.148   -2.569   -2.647   -4.036   -2.980   -2.903 
DATE 2017:115:20:00:52 obsn 119 az 321 el 42 freq_MHz  1424.0000 Tsys 158.644 Tant 268.353 vlsr  -12.00 glat -2.085 glon 111.575 azoff 0.00 eloff 0.00 source Cass 
Fstart 1422.997 fstop 1425.003 spacing 0.009375 bw    2.400 fbw    2.000 MHz nfreq 256 nsam 5242880 npoint 214 integ   297 sigma    0.190 bsw 30
Spectrum    272 integration periods
  -1.796   -1.724   -1.786   -1.840   -1.946   -1.662   -1.660   -2.158   -2.011   -1.884   -1.933   -2.132   -1.855   -1.874   -1.855   -2.175   -1.844   -2.113   -1.865   -2.006   -1.862   -2.000   -2.019   -2.229   -1.871   -1.872   -2.253   -2.035   -2.407   -2.265   -2.292   -2.345   -2.231   -1.974   -1.816   -2.289   -1.946   -1.962   -1.816   -1.964   -1.436   -1.748   -2.362   -2.090   -1.923   -2.033   -2.105   -2.114   -1.848   -1.859   -1.941   -1.881   -2.269   -2.026   -2.104   -2.084   -2.039   -2.143   -2.217   -2.268   -2.445   -1.759   -2.197   -1.948   -1.524   -2.039   -2.058   -1.800   -1.854   -1.823   -1.890   -1.959   -2.099   -2.255   -2.334   -2.032   -2.458   -1.934   -1.920   -2.307   -2.407   -2.416   -2.167   -2.365   -2.108   -2.364   -2.163   -2.459   -2.005   -2.278   -1.773   -2.374   -2.140   -2.680   -2.338   -2.257   -1.989   -2.188   -2.491   -1.954   -2.222   -2.313   -2.193   -2.438   -2.050   -2.249   -3.104   -2.644   -1.784   -2.087   -2.135   -1.885   -2.163   -2.011   -1.864   -1.804   -1.680   -1.708   -2.010   -1.577   -1.582   -1.647   -1.763   -2.316   -1.963   -2.268   -2.126   -2.393   -2.051   -1.992   -1.870   -2.261   -2.005   -2.613   -2.277   -2.334   -2.176   -2.278   -2.541   -2.524   -2.516   -2.043   -2.230   -2.335   -2.614   -2.944   -2.599   -2.640   -2.921   -2.630   -2.097   -2.619   -2.376   -2.268   -2.538   -2.540   -2.418   -2.641   -2.354   -2.732   -2.848   -2.640   -2.456   -2.100   -2.420   -2.159   -2.535   -2.319   -2.500   -2.361   -2.461   -2.431   -2.534   -2.563   -2.658   -2.332   -2.632   -2.297   -2.686   -2.489   -2.666   -2.376   -2.915   -2.298   -2.663   -2.710   -2.545   -3.010   -2.818   -2.510   -2.450   -2.583   -2.851   -2.711   -3.113   -3.202   -3.005   -2.520   -3.010   -2.346   -2.889   -2.691   -2.668   -2.835   -2.648   -3.012   -3.002   -3.352   -3.266   -2.658   -2.638   -4.049   -3.047   -3.014 
DATE 2017:115:20:01:13 obsn 120 az 314 el 42 freq_MHz  1424.0000 Tsys 158.644 Tant 279.281 vlsr  -12.01 glat -2.085 glon 111.575 azoff -6.68 eloff 0.00 source Cass 
Fstart 1422.997 fstop 1425.003 spacing 0.009375 bw    2.400 fbw    2.000 MHz nfreq 256 nsam 5242880 npoint 214 integ   308 sigma    0.187 bsw 31
Spectrum    282 integration periods
  -1.749   -1.707   -1.766   -1.816   -1.874   -1.620   -1.676   -2.089   -1.926   -1.830   -1.972   -2.094   -1.799   -1.852   -1.793   -2.137   -1.829   -2.061   -1.822   -1.955   -1.846   -1.958   -1.967   -2.235   -1.769   -1.792   -2.216   -2.002   -2.347   -2.199   -2.267   -2.307   -2.238   -1.910   -1.720   -2.308   -1.892   -1.919   -1.765   -1.911   -1.433   -1.729   -2.351   -2.066   -1.895   -2.041   -2.058   -2.097   -1.836   -1.820   -1.916   -1.785   -2.255   -1.981   -2.053   -2.020   -2.019   -2.102   -2.194   -2.211   -2.373   -1.707   -2.166   -1.854   -1.498   -2.015   -1.985   -1.734   -1.819   -1.856   -1.836   -1.901   -2.058   -2.169   -2.329   -1.988   -2.383   -1.968   -1.961   -2.323   -2.381   -2.321   -2.146   -2.303   -2.026   -2.308   -2.165   -2.408   -1.982   -2.249   -1.720   -2.362   -2.087   -2.611   -2.299   -2.207   -1.953   -2.228   -2.480   -1.924   -2.176   -2.264   -2.176   -2.417   -2.007   -2.171   -3.002   -2.605   -1.700   -2.097   -2.087   -1.908   -2.095   -1.950   -1.823   -1.731   -1.676   -1.684   -1.964   -1.554   -1.589   -1.713   -1.756   -2.284   -1.887   -2.250   -2.147   -2.324   -2.028   -1.955   -1.849   -2.232   -2.007   -2.552   -2.224   -2.310   -2.134   -2.223   -2.549   -2.522   -2.474   -1.982   -2.291   -2.298   -2.603   -2.900   -2.514   -2.620   -2.874   -2.623   -2.051   -2.566   -2.355   -2.252   -2.497   -2.566   -2.427   -2.609   -2.314   -2.768   -2.850   -2.610   -2.448   -2.037   -2.426   -2.166   -2.529   -2.315   -2.462   -2.351   -2.433   -2.443   -2.466   -2.452   -2.623   -2.246   -2.598   -2.244   -2.651   -2.415   -2.619   -2.368   -2.899   -2.254   -2.603   -2.682   -2.428   -3.023   -2.775   -2.479   -2.396   -2.544   -2.772   -2.728   -3.097   -3.151   -3.025   -2.447   -2.909   -2.300   -2.809   -2.681   -2.556   -2.837   -2.545   -2.965   -3.003   -3.289   -3.209   -2.624   -2.649   -4.018   -3.002   -2.947 
DATE 2017:115:20:01:44 obsn 121 az 321 el 41 freq_MHz  1424.0000 Tsys 158.644 Tant 268.786 vlsr  -12.01 glat -2.085 glon 111.575 azoff 0.00 eloff 0.00 source Cass 
Fstart 1422.997 fstop 1425.003 spacing 0.009375 bw    2.400 fbw    2.000 MHz nfreq 256 nsam 5242880 npoint 214 integ   319 sigma    0.183 bsw 32
Spectrum    292 integration periods
  -1.853   -1.783   -1.880   -1.884   -1.945   -1.706   -1.745   -2.205   -2.041   -1.922   -2.043   -2.172   -1.868   -1.930   -1.878   -2.177   -1.857   -2.072   -1.939   -2.016   -1.920   -2.046   -2.023   -2.341   -1.872   -1.823   -2.300   -2.063   -2.407   -2.286   -2.358   -2.339   -2.290   -2.004   -1.828   -2.342   -1.954   -1.955   -1.876   -2.003   -1.515   -1.839   -2.451   -2.150   -1.903   -2.115   -2.146   -2.153   -1.942   -1.889   -1.970   -1.872   -2.369   -2.062   -2.103   -2.086   -2.060   -2.138   -2.223   -2.258   -2.436   -1.731   -2.173   -1.935   -1.627   -2.081   -2.056   -1.780   -1.872   -1.906   -1.858   -1.988   -2.090   -2.231   -2.400   -2.064   -2.462   -2.065   -1.995   -2.401   -2.469   -2.422   -2.187   -2.363   -2.079   -2.352   -2.241   -2.458   -2.026   -2.352   -1.790   -2.421   -2.100   -2.608   -2.367   -2.238   -2.013   -2.317   -2.578   -1.986   -2.222   -2.315   -2.232   -2.436   -2.042   -2.187   -2.905   -2.636   -1.821   -2.181   -2.156   -1.956   -2.144   -2.038   -1.875   -1.870   -1.713   -1.734   -2.022   -1.678   -1.641   -1.789   -1.804   -2.336   -1.947   -2.286   -2.207   -2.452   -2.026   -2.016   -1.877   -2.298   -2.102   -2.550   -2.229   -2.290   -2.219   -2.267   -2.547   -2.545   -2.484   -2.025   -2.328   -2.367   -2.693   -2.956   -2.633   -2.622   -2.883   -2.641   -2.085   -2.661   -2.350   -2.342   -2.571   -2.615   -2.516   -2.670   -2.396   -2.800   -2.894   -2.646   -2.550   -2.100   -2.450   -2.255   -2.602   -2.353   -2.505   -2.377   -2.470   -2.440   -2.509   -2.461   -2.712   -2.307   -2.755   -2.303   -2.660   -2.519   -2.683   -2.422   -2.906   -2.360   -2.675   -2.752   -2.518   -3.062   -2.832   -2.477   -2.420   -2.586   -2.832   -2.785   -3.116   -3.160   -3.060   -2.525   -2.956   -2.350   -2.866   -2.788   -2.612   -2.859   -2.606   -2.983   -3.071   -3.384   -3.279   -2.731   -2.737   -4.154   -3.053   -2.981 
DATE 2017:115:20:02:12 obsn 122 az 327 el 41 freq_MHz  1424.0000 Tsys 158.644 Tant 268.093 vlsr  -12.01 glat -2.085 glon 111.575 azoff 6.67 eloff 0.00 source Cass 
Fstart 1422.997 fstop 1425.003 spacing 0.009375 bw    2.400 fbw    2.000 MHz nfreq 256 nsam 5242880 npoint 214 integ   330 sigma    0.180 bsw 33
Spectrum    302 integration periods
  -1.721   -1.621   -1.724   -1.722   -1.800   -1.519   -1.599   -2.079   -1.848   -1.839   -1.850   -2.007   -1.740   -1.745   -1.713   -2.053   -1.726   -1.970   -1.822   -1.898   -1.822   -1.883   -1.879   -2.297   -1.706   -1.730   -2.153   -1.910   -2.285   -2.174   -2.267   -2.168   -2.062   -1.821   -1.695   -2.231   -1.813   -1.812   -1.717   -1.883   -1.389   -1.689   -2.334   -2.026   -1.834   -1.996   -2.028   -2.018   -1.808   -1.697   -1.843   -1.712   -2.257   -1.965   -1.933   -1.995   -1.899   -2.002   -2.085   -2.147   -2.252   -1.631   -2.105   -1.864   -1.510   -1.947   -1.910   -1.689   -1.793   -1.786   -1.705   -1.864   -1.914   -2.070   -2.281   -1.895   -2.347   -1.950   -1.877   -2.241   -2.340   -2.249   -2.077   -2.166   -1.925   -2.196   -2.062   -2.267   -1.879   -2.202   -1.666   -2.163   -1.957   -2.492   -2.204   -2.120   -1.869   -2.211   -2.447   -1.807   -2.072   -2.131   -2.115   -2.227   -1.875   -2.064   -2.829   -2.511   -1.645   -2.004   -1.941   -1.776   -1.980   -1.873   -1.788   -1.710   -1.520   -1.581   -1.845   -1.496   -1.510   -1.668   -1.669   -2.222   -1.848   -2.094   -2.034   -2.310   -1.839   -1.910   -1.766   -2.157   -1.965   -2.367   -2.081   -2.158   -2.081   -2.057   -2.366   -2.336   -2.368   -1.887   -2.134   -2.197   -2.528   -2.739   -2.504   -2.481   -2.704   -2.487   -1.993   -2.484   -2.203   -2.238   -2.463   -2.414   -2.344   -2.552   -2.201   -2.649   -2.747   -2.471   -2.413   -1.927   -2.332   -2.096   -2.433   -2.167   -2.369   -2.262   -2.257   -2.287   -2.320   -2.317   -2.553   -2.146   -2.532   -2.179   -2.524   -2.357   -2.568   -2.222   -2.737   -2.193   -2.502   -2.613   -2.365   -2.925   -2.653   -2.335   -2.237   -2.408   -2.643   -2.575   -2.892   -3.025   -2.893   -2.429   -2.784   -2.136   -2.691   -2.637   -2.467   -2.729   -2.442   -2.788   -2.936   -3.152   -3.060   -2.575   -2.574   -3.989   -2.897   -2.792 
DATE 2017:115:20:02:33 obsn 123 az 321 el 41 freq_MHz  1424.0000 Tsys 158.644 Tant 267.329 vlsr  -12.01 glat -2.085 glon 111.575 azoff 0.00 eloff 0.00 source Cass 
Fstart 1422.997 fstop 1425.003 spacing 0.009375 bw    2.400 fbw    2.000 MHz nfreq 256 nsam 5242880 npoint 214 integ   341 sigma    0.178 bsw 34
Spectrum    312 integration periods
  -1.651   -1.580   -1.722   -1.644   -1.703   -1.446   -1.521   -1.946   -1.775   -1.742   -1.819   -1.912   -1.654   -1.646   -1.669   -1.998   -1.702   -1.864   -1.743   -1.876   -1.777   -1.860   -1.847   -2.183   -1.667   -1.676   -2.159   -1.813   -2.231   -2.072   -2.140   -2.131   -1.958   -1.798   -1.622   -2.141   -1.805   -1.773   -1.685   -1.833   -1.369   -1.598   -2.184   -1.989   -1.777   -1.969   -1.976   -1.988   -1.786   -1.585   -1.755   -1.736   -2.184   -1.906   -1.899   -1.952   -1.863   -1.921   -2.011   -2.041   -2.133   -1.576   -2.061   -1.837   -1.427   -1.845   -1.902   -1.633   -1.776   -1.729   -1.602   -1.844   -1.856   -2.054   -2.268   -1.899   -2.285   -1.876   -1.853   -2.199   -2.240   -2.229   -2.023   -2.092   -1.882   -2.131   -2.057   -2.250   -1.840   -2.155   -1.608   -2.089   -1.916   -2.397   -2.116   -2.086   -1.777   -2.162   -2.329   -1.738   -2.005   -2.074   -2.041   -2.141   -1.786   -1.941   -2.847   -2.428   -1.580   -1.954   -1.802   -1.662   -1.969   -1.811   -1.673   -1.620   -1.459   -1.550   -1.721   -1.349   -1.383   -1.614   -1.584   -2.146   -1.761   -1.998   -1.951   -2.243   -1.743   -1.881   -1.695   -2.052   -1.894   -2.266   -2.020   -2.040   -1.969   -1.944   -2.268   -2.253   -2.286   -1.828   -2.068   -2.129   -2.431   -2.620   -2.411   -2.347   -2.641   -2.412   -1.932   -2.403   -2.154   -2.156   -2.377   -2.315   -2.262   -2.474   -2.091   -2.547   -2.673   -2.386   -2.348   -1.905   -2.234   -2.002   -2.340   -2.171   -2.322   -2.200   -2.210   -2.253   -2.238   -2.230   -2.491   -2.074   -2.443   -2.086   -2.473   -2.293   -2.405   -2.125   -2.656   -2.126   -2.411   -2.610   -2.298   -2.843   -2.544   -2.239   -2.100   -2.313   -2.584   -2.504   -2.831   -2.973   -2.799   -2.330   -2.676   -2.058   -2.564   -2.525   -2.364   -2.645   -2.403   -2.721   -2.881   -3.037   -2.963   -2.474   -2.448   -3.842   -2.792   -2.726 
DATE 2017:115:20:02:54 obsn 124 az 314 el 41 freq_MHz  1424.0000 Tsys 158.644 Tant 274.680 vlsr  -12.01 glat -2.085 glon 111.575 azoff -6.66 eloff 0.00 source Cass 
Fstart 1422.997 fstop 1425.003 spacing 0.009375 bw    2.400 fbw    2.000 MHz nfreq 256 nsam 5242880 npoint 214 integ   352 sigma    0.175 bsw 35
Spectrum    322 integration periods
  -1.505   -1.467   -1.544   -1.512   -1.560   -1.298   -1.416   -1.767   -1.664   -1.559   -1.678   -1.785   -1.541   -1.518   -1.612   -1.872   -1.629   -1.827   -1.650   -1.725   -1.676   -1.748   -1.803   -2.047   -1.502   -1.598   -2.007   -1.699   -2.143   -1.920   -2.027   -2.036   -1.862   -1.702   -1.575   -1.975   -1.699   -1.700   -1.582   -1.690   -1.237   -1.466   -2.068   -1.857   -1.720   -1.839   -1.835   -1.889   -1.694   -1.533   -1.660   -1.600   -2.099   -1.814   -1.783   -1.881   -1.724   -1.779   -1.884   -1.880   -2.036   -1.442   -1.935   -1.731   -1.298   -1.716   -1.778   -1.506   -1.663   -1.634   -1.463   -1.684   -1.762   -1.972   -2.230   -1.825   -2.136   -1.717   -1.721   -2.087   -2.114   -2.091   -1.872   -1.990   -1.788   -1.962   -1.961   -2.115   -1.735   -2.064   -1.505   -2.005   -1.837   -2.244   -1.956   -1.990   -1.660   -2.056   -2.162   -1.627   -1.854   -1.954   -1.948   -1.977   -1.710   -1.854   -2.681   -2.310   -1.494   -1.869   -1.676   -1.573   -1.839   -1.690   -1.569   -1.545   -1.361   -1.438   -1.621   -1.272   -1.335   -1.465   -1.503   -1.986   -1.675   -1.912   -1.823   -2.143   -1.646   -1.787   -1.573   -1.922   -1.762   -2.169   -1.915   -1.895   -1.846   -1.848   -2.205   -2.149   -2.172   -1.720   -1.961   -1.981   -2.297   -2.490   -2.292   -2.215   -2.502   -2.324   -1.786   -2.237   -2.012   -2.028   -2.199   -2.213   -2.134   -2.369   -2.016   -2.385   -2.512   -2.275   -2.231   -1.776   -2.123   -1.861   -2.204   -2.083   -2.182   -2.053   -2.121   -2.103   -2.110   -2.108   -2.379   -1.953   -2.288   -2.002   -2.283   -2.179   -2.330   -1.997   -2.583   -2.026   -2.351   -2.468   -2.171   -2.678   -2.444   -2.052   -1.894   -2.218   -2.488   -2.384   -2.700   -2.825   -2.688   -2.190   -2.581   -1.961   -2.442   -2.428   -2.255   -2.524   -2.309   -2.651   -2.801   -2.890   -2.830   -2.386   -2.353   -3.727   -2.670   -2.575 
DATE 2017:115:20:03:17 obsn 125 az 321 el 41 freq_MHz  1424.0000 Tsys 158.644 Tant 278.133 vlsr  -12.01 glat -2.085 glon 111.575 azoff 0.00 eloff 0.00 source Cass 
Fstart 1422.997 fstop 1425.003 spacing 0.009375 bw    2.400 fbw    2.000 MHz nfreq 256 nsam 5242880 npoint 214 integ   363 sigma    0.172 bsw 36
Spectrum    332 integration periods
  -1.467   -1.456   -1.561   -1.527   -1.551   -1.326   -1.436   -1.750   -1.700   -1.505   -1.596   -1.707   -1.506   -1.497   -1.585   -1.899   -1.608   -1.799   -1.623   -1.660   -1.648   -1.708   -1.783   -2.019   -1.559   -1.587   -1.981   -1.739   -2.079   -1.876   -2.004   -2.023   -1.810   -1.649   -1.546   -1.957   -1.661   -1.700   -1.549   -1.700   -1.246   -1.454   -2.053   -1.865   -1.687   -1.853   -1.831   -1.880   -1.621   -1.524   -1.630   -1.592   -2.122   -1.825   -1.794   -1.808   -1.682   -1.735   -1.889   -1.871   -1.912   -1.449   -1.916   -1.722   -1.277   -1.694   -1.781   -1.512   -1.668   -1.553   -1.457   -1.653   -1.722   -1.971   -2.165   -1.844   -2.083   -1.717   -1.679   -2.056   -2.079   -2.127   -1.872   -1.949   -1.740   -1.931   -1.929   -2.082   -1.724   -2.016   -1.499   -1.998   -1.832   -2.201   -1.932   -1.951   -1.636   -2.035   -2.125   -1.613   -1.830   -1.892   -1.908   -1.919   -1.685   -1.799   -2.536   -2.246   -1.457   -1.802   -1.661   -1.542   -1.788   -1.634   -1.561   -1.484   -1.344   -1.427   -1.630   -1.298   -1.300   -1.438   -1.455   -1.933   -1.658   -1.866   -1.711   -2.106   -1.619   -1.793   -1.534   -1.901   -1.771   -2.183   -1.892   -1.848   -1.824   -1.823   -2.172   -2.093   -2.111   -1.715   -1.897   -1.955   -2.231   -2.428   -2.279   -2.218   -2.471   -2.289   -1.777   -2.210   -1.975   -2.012   -2.133   -2.191   -2.083   -2.357   -2.004   -2.322   -2.411   -2.255   -2.173   -1.699   -2.052   -1.822   -2.170   -2.075   -2.106   -2.000   -2.046   -2.040   -2.058   -2.099   -2.328   -1.923   -2.283   -1.999   -2.221   -2.107   -2.340   -1.962   -2.506   -2.048   -2.346   -2.417   -2.157   -2.593   -2.374   -2.005   -1.891   -2.143   -2.458   -2.354   -2.620   -2.801   -2.574   -2.188   -2.517   -1.973   -2.415   -2.418   -2.256   -2.501   -2.270   -2.633   -2.744   -2.862   -2.792   -2.338   -2.257   -3.780   -2.597   -2.495 
DATE 2017:115:20:03:44 obsn 126 az 327 el 41 freq_MHz  1424.0000 Tsys 158.644 Tant 282.688 vlsr  -12.01 glat -2.085 glon 111.575 azoff 6.64 eloff 0.00 source Cass 
Fstart 1422.997 fstop 1425.003 spacing 0.009375 bw    2.400 fbw    2.000 MHz nfreq 256 nsam 5242880 npoint 214 integ   374 sigma    0.170 bsw 37
Spectrum    342 integration periods
  -1.344   -1.305   -1.406   -1.423   -1.430   -1.256   -1.350   -1.593   -1.582   -1.413   -1.536   -1.582   -1.402   -1.417   -1.525   -1.755   -1.513   -1.655   -1.544   -1.571   -1.545   -1.604   -1.721   -1.901   -1.484   -1.531   -1.877   -1.662   -1.975   -1.793   -1.925   -1.922   -1.718   -1.559   -1.431   -1.815   -1.538   -1.546   -1.466   -1.623   -1.178   -1.364   -1.951   -1.778   -1.573   -1.703   -1.698   -1.791   -1.501   -1.442   -1.583   -1.526   -2.008   -1.709   -1.723   -1.653   -1.611   -1.609   -1.718   -1.736   -1.826   -1.309   -1.840   -1.577   -1.155   -1.619   -1.721   -1.413   -1.603   -1.492   -1.388   -1.545   -1.673   -1.884   -2.087   -1.757   -1.971   -1.594   -1.584   -1.923   -2.048   -2.038   -1.814   -1.902   -1.668   -1.863   -1.861   -1.985   -1.629   -1.896   -1.406   -1.917   -1.742   -2.102   -1.815   -1.840   -1.538   -1.942   -2.016   -1.569   -1.665   -1.763   -1.797   -1.849   -1.549   -1.712   -2.508   -2.136   -1.339   -1.710   -1.569   -1.405   -1.719   -1.564   -1.450   -1.395   -1.239   -1.285   -1.570   -1.230   -1.236   -1.342   -1.382   -1.795   -1.520   -1.700   -1.638   -1.987   -1.515   -1.733   -1.441   -1.775   -1.646   -2.064   -1.804   -1.768   -1.654   -1.744   -2.073   -1.948   -1.981   -1.616   -1.799   -1.833   -2.129   -2.310   -2.199   -2.095   -2.338   -2.109   -1.723   -2.113   -1.887   -1.962   -2.012   -2.087   -1.989   -2.203   -1.914   -2.181   -2.264   -2.189   -2.046   -1.568   -1.920   -1.760   -2.104   -2.023   -2.031   -1.877   -1.979   -1.938   -1.940   -1.967   -2.297   -1.876   -2.170   -1.868   -2.162   -2.026   -2.251   -1.871   -2.431   -1.991   -2.281   -2.292   -2.012   -2.489   -2.274   -1.903   -1.741   -2.079   -2.381   -2.243   -2.492   -2.669   -2.464   -2.070   -2.367   -1.847   -2.333   -2.315   -2.156   -2.377   -2.191   -2.509   -2.597   -2.728   -2.680   -2.237   -2.192   -3.636   -2.478   -2.439 
DATE 2017:115:20:04:05 obsn 127 az 321 el 41 freq_MHz  1424.0000 Tsys 158.644 Tant 275.020 vlsr  -12.01 glat -2.085 glon 111.575 azoff 0.00 eloff 0.00 source Cass 
Fstart 1422.997 fstop 1425.003 spacing 0.009375 bw    2.400 fbw    2.000 MHz nfreq 256 nsam 5242880 npoint 214 integ   384 sigma    0.167 bsw 38
Spectrum    352 integration periods
  -1.535   -1.594   -1.616   -1.644   -1.592   -1.434   -1.571   -1.715   -1.737   -1.607   -1.814   -1.761   -1.564   -1.673   -1.736   -1.947   -1.729   -1.865   -1.742   -1.793   -1.744   -1.835   -1.912   -2.086   -1.713   -1.745   -2.025   -1.880   -2.202   -1.969   -2.145   -2.143   -1.880   -1.792   -1.637   -2.040   -1.679   -1.731   -1.665   -1.800   -1.358   -1.587   -2.184   -1.921   -1.772   -1.912   -1.929   -1.971   -1.666   -1.636   -1.747   -1.706   -2.250   -1.913   -1.952   -1.819   -1.757   -1.832   -1.955   -1.950   -2.089   -1.492   -2.055   -1.760   -1.343   -1.860   -1.926   -1.619   -1.856   -1.686   -1.647   -1.720   -1.887   -2.065   -2.251   -2.029   -2.187   -1.872   -1.814   -2.122   -2.319   -2.254   -1.988   -2.141   -1.886   -2.088   -2.082   -2.185   -1.835   -2.097   -1.600   -2.126   -1.921   -2.253   -1.995   -1.995   -1.722   -2.070   -2.202   -1.772   -1.887   -1.917   -1.970   -1.980   -1.724   -1.905   -2.773   -2.311   -1.563   -1.865   -1.739   -1.612   -1.859   -1.714   -1.632   -1.620   -1.398   -1.433   -1.736   -1.405   -1.394   -1.550   -1.570   -1.971   -1.704   -1.872   -1.808   -2.124   -1.691   -1.903   -1.632   -1.967   -1.798   -2.211   -2.011   -1.948   -1.830   -1.929   -2.232   -2.107   -2.130   -1.825   -2.046   -2.032   -2.251   -2.475   -2.341   -2.282   -2.533   -2.294   -1.903   -2.313   -2.049   -2.102   -2.195   -2.243   -2.174   -2.374   -2.074   -2.335   -2.379   -2.370   -2.224   -1.747   -2.080   -1.948   -2.294   -2.181   -2.282   -2.041   -2.157   -2.094   -2.103   -2.150   -2.420   -2.108   -2.339   -2.063   -2.370   -2.166   -2.416   -2.058   -2.579   -2.114   -2.524   -2.477   -2.172   -2.667   -2.455   -2.112   -1.867   -2.230   -2.580   -2.429   -2.677   -2.797   -2.670   -2.299   -2.544   -2.032   -2.520   -2.506   -2.328   -2.550   -2.376   -2.684   -2.766   -2.908   -2.815   -2.423   -2.344   -3.759   -2.635   -2.585 
DATE 2017:115:20:04:26 obsn 128 az 314 el 41 freq_MHz  1424.0000 Tsys 158.644 Tant 279.633 vlsr  -12.01 glat -2.085 glon 111.575 azoff -6.64 eloff 0.00 source Cass 
Fstart 1422.997 fstop 1425.003 spacing 0.009375 bw    2.400 fbw    2.000 MHz nfreq 256 nsam 5242880 npoint 214 integ   395 sigma    0.165 bsw 39
Spectrum    362 integration periods
  -1.478   -1.554   -1.603   -1.575   -1.577   -1.359   -1.576   -1.689   -1.696   -1.575   -1.783   -1.701   -1.495   -1.600   -1.741   -1.924   -1.730   -1.812   -1.720   -1.710   -1.732   -1.795   -1.887   -2.045   -1.637   -1.692   -1.993   -1.824   -2.154   -1.948   -2.096   -2.091   -1.843   -1.751   -1.618   -2.039   -1.635   -1.723   -1.632   -1.761   -1.318   -1.564   -2.127   -1.904   -1.755   -1.882   -1.878   -1.884   -1.626   -1.633   -1.696   -1.625   -2.229   -1.889   -1.878   -1.736   -1.690   -1.807   -1.927   -1.925   -2.066   -1.444   -1.994   -1.748   -1.308   -1.794   -1.928   -1.579   -1.793   -1.729   -1.638   -1.638   -1.879   -2.005   -2.200   -1.969   -2.121   -1.869   -1.790   -2.098   -2.264   -2.242   -1.896   -2.098   -1.850   -2.040   -2.046   -2.111   -1.794   -2.019   -1.600   -2.145   -1.967   -2.259   -1.968   -2.047   -1.781   -2.074   -2.206   -1.779   -1.890   -1.945   -1.958   -2.032   -1.741   -1.920   -2.770   -2.286   -1.602   -1.867   -1.739   -1.614   -1.869   -1.741   -1.616   -1.616   -1.380   -1.482   -1.712   -1.434   -1.404   -1.609   -1.590   -2.010   -1.704   -1.850   -1.828   -2.193   -1.710   -1.918   -1.678   -1.977   -1.772   -2.254   -2.014   -2.019   -1.846   -1.934   -2.250   -2.106   -2.184   -1.883   -2.042   -2.040   -2.269   -2.459   -2.338   -2.265   -2.556   -2.360   -1.950   -2.307   -2.049   -2.107   -2.222   -2.270   -2.180   -2.351   -2.129   -2.335   -2.425   -2.390   -2.250   -1.746   -2.120   -1.994   -2.299   -2.187   -2.295   -2.035   -2.197   -2.155   -2.122   -2.159   -2.437   -2.177   -2.331   -2.134   -2.380   -2.149   -2.489   -2.059   -2.664   -2.145   -2.540   -2.467   -2.175   -2.646   -2.458   -2.097   -1.888   -2.255   -2.613   -2.470   -2.679   -2.761   -2.709   -2.297   -2.510   -2.088   -2.500   -2.481   -2.341   -2.577   -2.417   -2.665   -2.779   -2.900   -2.819   -2.410   -2.367   -3.773   -2.624   -2.571 
DATE 2017:115:20:04:50 obsn 129 az 321 el 41 freq_MHz  1424.0000 Tsys 158.644 Tant 278.911 vlsr  -12.01 glat -2.085 glon 111.575 azoff 0.00 eloff 0.00 source Cass 
Fstart 1422.997 fstop 1425.003 spacing 0.009375 bw    2.400 fbw    2.000 MHz nfreq 256 nsam 5242880 npoint 214 integ   406 sigma    0.163 bsw 40
Spectrum    372 integration periods
  -1.523   -1.612   -1.623   -1.633   -1.607   -1.399   -1.631   -1.739   -1.767   -1.671   -1.831   -1.735   -1.502   -1.570   -1.805   -1.966   -1.769   -1.863   -1.774   -1.771   -1.779   -1.838   -1.960   -2.066   -1.776   -1.794   -2.034   -1.899   -2.210   -1.992   -2.112   -2.140   -1.894   -1.815   -1.703   -2.065   -1.654   -1.811   -1.720   -1.860   -1.346   -1.581   -2.133   -1.907   -1.768   -1.891   -1.914   -1.881   -1.662   -1.644   -1.695   -1.669   -2.242   -1.907   -1.897   -1.759   -1.689   -1.836   -1.955   -1.975   -2.125   -1.474   -2.009   -1.775   -1.343   -1.836   -1.926   -1.556   -1.798   -1.762   -1.666   -1.651   -1.895   -2.019   -2.192   -1.990   -2.162   -1.911   -1.812   -2.129   -2.316   -2.252   -1.909   -2.111   -1.840   -2.051   -2.100   -2.154   -1.797   -2.000   -1.601   -2.159   -1.960   -2.236   -1.982   -2.062   -1.785   -2.053   -2.223   -1.773   -1.870   -1.901   -1.937   -2.013   -1.751   -1.879   -2.632   -2.278   -1.560   -1.830   -1.743   -1.610   -1.840   -1.712   -1.641   -1.564   -1.387   -1.532   -1.693   -1.391   -1.429   -1.565   -1.568   -1.962   -1.702   -1.820   -1.777   -2.196   -1.752   -1.873   -1.672   -1.916   -1.762   -2.235   -2.016   -2.054   -1.827   -1.943   -2.225   -2.101   -2.143   -1.877   -2.010   -1.986   -2.243   -2.434   -2.317   -2.248   -2.534   -2.329   -1.908   -2.282   -2.000   -2.105   -2.200   -2.248   -2.191   -2.307   -2.073   -2.318   -2.421   -2.353   -2.204   -1.732   -2.113   -1.984   -2.286   -2.148   -2.265   -2.014   -2.203   -2.127   -2.079   -2.130   -2.447   -2.170   -2.318   -2.049   -2.353   -2.118   -2.465   -2.022   -2.680   -2.169   -2.520   -2.481   -2.159   -2.613   -2.418   -2.094   -1.876   -2.238   -2.597   -2.431   -2.596   -2.728   -2.688   -2.284   -2.496   -2.060   -2.521   -2.528   -2.334   -2.548   -2.411   -2.614   -2.774   -2.856   -2.798   -2.424   -2.353   -3.827   -2.620   -2.555 
