vel Tant_raw Tant_corr
-164.110470447 166.567 0.2209019765989524
-162.133338822 166.55 0.2484452012303393
-160.156181116 168.043 0.0
-158.178997329 166.563 0.3418451217448819
-156.201787459 166.646 0.4608744242502496
-154.224551506 165.817 -0.3347632095813253
-152.247289471 166.306 0.1850161699877333
-150.270001351 169.918 0.0
-148.292687147 171.699 0.0
-146.315346858 166.363 0.3196817615278178
-144.337980484 167.144 1.1219498577281684
-142.360588024 165.61 -0.3929594109407617
-140.383169477 165.687 -0.29896774642620016
-138.405724844 166.084 0.1130022069201857
-136.428254123 165.301 -0.6569731377421419
-134.450757314 166.003 0.05618169009238727
-132.473234417 165.544 -0.39345878183144123
-130.495685431 165.616 -0.313820968651072
-128.518110355 165.669 -0.25483222851778464
-126.540509189 166.47 0.5505791372767419
-124.562881933 165.904 -0.012516115819323659
-122.585228585 164.834 -1.081048175742211
-120.607549147 165.106 -0.8089481739426674
-118.629843616 166.369 0.45285181449435186
-116.652111992 165.232 -0.6865812292791418
-114.674354276 165.278 -0.6441812679936447
-112.696570465 165.25 -0.6768832083978111
-110.718760561 165.25 -0.6826229013656757
-108.740924562 165.405 -0.5343371420414087
-106.763062468 165.316 -0.6309636699496082
-104.785174278 165.449 -0.5064411691289763
-102.807259991 165.928 -0.036709268254611516
-100.829319609 164.867 -1.107708540746927
-98.8513531286 164.467 -1.518380504938449
-96.8733605507 165.33 -0.6666676241507901
-94.8953418746 164.869 -1.1395133068489258
-92.9172970997 164.542 -1.4788619067579418
-90.9392262255 165.737 -0.29665872298781437
-88.9611292514 165.059 -0.9878500001596535
-86.9830061771 163.913 -2.1473829285280885
-85.0048570018 167.17 1.0957943558881311
-83.0266817252 166.984 0.8957327711882499
-81.0484803468 166.891 0.7884822894592389
-79.0702528658 166.34 0.22309193665006433
-77.091999282 166.964 0.8326097924531553
-75.1137195948 167.439 1.293082990171854
-73.1354138036 168.518 2.3575577165984782
-71.1570819079 169.183 3.0080792118895374
-69.1787239072 169.45 3.2606917694402
-67.200339801 172.086 5.88243873575891
-65.2219295888 173.145 6.927362510342249
-63.2434932701 174.713 8.48150454554974
-61.2650308443 176.782 10.536905346478108
-59.286542311 178.969 12.71060447083778
-57.3080276695 178.253 11.981640528824641
-55.3294869195 179.561 13.277051182999287
-53.3509200603 180.476 14.179873148156389
-51.3723270915 180.979 14.67114219120424
-49.3937080125 183.116 16.796893131036057
-47.4150628228 179.922 13.592159838406701
-45.436391522 181.115 14.774975235807233
-43.4576941095 182.249 15.899371297337865
-41.4789705847 179.88 13.521379048584066
-39.5002209472 179.233 12.866028566491877
-37.5214451964 178.92 12.545348979240657
-35.5426433319 178.232 11.850368466119676
-33.5638153531 177.676 11.288114257400935
-31.5849612595 177.03 10.636612634215055
-29.6060810505 176.087 9.688888928425143
-27.6271747257 175.4 8.99796752250225
-25.6482422846 175.265 8.859871849398928
-23.6692837265 173.108 6.700624392424174
-21.6902990511 173.864 7.455246685118425
-19.7112882577 173.338 6.928759311127351
-17.732251346 174.632 8.22318190407691
-15.7531883153 174.801 8.393533147447613
-13.7740991651 179.694 13.288830774449139
-11.794983895 186.942 20.54009156789462
-9.8158425043 196.602 30.2043313600756
-7.83667499266 203.57 37.17756503263561
-5.85748135949 206.123 39.736806516445654
-3.87826160422 206.673 40.29406879147814
-1.89901572646 209.691 43.32036388668067
0.0802562744081 214.037 47.67570287985194
2.05955439893 212.858 46.507095897515114
4.03887864748 210.583 44.24355211479141
6.01822902071 208.03 41.703079755276974
7.99760551906 207.278 40.96468609091451
9.97700814311 205.579 39.28037744186972
11.9564368934 205.262 38.97915917640452
13.9358917703 205.585 39.31903571075023
15.9153727744 204.366 38.11801050898492
17.8948799063 202.682 36.45308608290631
19.8744131664 200.684 34.475263991903915
21.8539725553 199.654 33.466544842837095
23.8335580735 198.67 32.50492828990636
25.8131697215 196.485 30.343413034528822
27.7928074998 196.956 30.83899682521198
29.772471409 196.89 30.798676457429735
31.7521614495 197.77 31.705447773492494
33.7318776219 198.265 32.22830566242641
35.7116199267 196.401 30.39324405984408
37.6913883643 197.573 31.595255947817975
39.6711829355 195.384 29.4373333547627
41.6510036406 195.47 29.55546735529512
43.63085048 193.17 27.28864807011746
45.6107234546 190.746 24.898864665898742
47.5906225645 190.23 24.41810535512664
49.5705478106 188.578 22.80235739600937
51.5504991932 186.233 20.494607092324884
53.5304767127 183.994 18.2938397933074
55.5104803699 182.936 17.27503989352752
57.4905101651 183.838 18.217190832748912
59.470566099 184.475 18.895275095819926
61.450648172 184.977 19.43927421253366
63.4307563846 184.674 19.179168757509927
65.4108907374 186.21 20.75893835006957
67.3910512308 187.984 22.577561654101828
69.3712378655 186.15 20.789016377949366
71.3514506418 185.857 20.542279274266548
73.3316895603 185.587 20.31932613990915
75.3119546217 184.606 19.386131815804163
77.2922458262 184.46 19.28867018680907
79.2725631746 184.873 19.750914181612217
81.2529066673 184.257 19.184835772582716
83.2332763047 183.239 18.217405975653605
85.2136720875 182.102 17.131594850203726
87.1940940161 181.167 16.248371498916214
89.1745420911 179.357 14.490704067665177
91.155016313 178.945 14.131559745381821
93.1355166823 176.038 11.27790476393082
95.1160431995 174.298 9.591704397983989
97.0965958652 172.533 7.880922964897081
99.0771746798 170.975 6.377523824575263
101.057779644 168.967 4.424469379360488
103.038410758 166.908 2.4207210738833282
105.019068023 165.812 1.3802393949785028
106.999751438 164.811 0.43498387146871664
108.980461005 165.199 0.8789130741847089
110.961196725 163.409 -0.8550153842733721
112.941958596 163.719 -0.4888448497193849
114.922746621 163.492 -0.659619626280886
116.9035608 165.797 1.7016150232480243
118.884401132 167.34 0.0
120.86526762 179.563 0.0
122.846160262 164.695 0.7679085190864896
124.82707906 163.631 -0.2402909309337815
126.808024015 162.954 -0.8617216518960333
128.788995126 162.524 -1.236434660765525
130.769992394 162.377 -1.328481933917459
132.75101582 163.405 -0.2459164073200668
134.732065405 163.858 0.26120802333900883
136.713141148 162.658 -0.8851634975279126
138.694243051 162.464 -1.0260867853989168
140.675371113 163.361 -0.076618615931352
142.656525336 162.643 -0.7428167249275361
144.637705719 162.816 -0.5187398086202677
146.618912264 163.198 -0.08644752364236297
148.600144971 163.386 0.15099951271693612
150.58140384 163.914 0.7275397224381663
152.562688873 162.161 -0.9778894333071548
154.544000068 162.517 -0.5753514544277891
156.525337428 161.396 -1.6509108018242955
158.506700952 163.668 0.665367102271432
160.488090641 162.793 -0.16658412568989434
162.469506496 163.901 0.9831681692506322
164.450948517 161.529 -1.348444319586605
166.432416704 162.245 -0.5934908606235467
168.413911059 162.436 -0.3650416841140611
170.395431581 162.246 -0.5191679823668665
172.376978271 162.63 -0.10094190977582684
174.35855113 162.011 -0.6874365829868907
176.340150158 163.536 0.86827391896
178.321775355 162.447 -0.19188544547708375
180.303426723 162.834 0.22200931955759984
182.285104262 162.128 -0.4591187528677665
184.266807972 162.285 -0.2793475925669213
186.248537853 162.675 0.1312439076376677
188.230293907 162.299 -0.226424108194351
190.212076134 163.022 0.5125675407104211
192.193884534 163.182 0.6861370717364821
194.175719108 163.172 0.6872017387578637
196.157579856 163.397 0.9206778319975228
198.139466779 162.634 0.16348067791179233
200.121379877 162.95 0.482524639054958
202.103319151 163.753 1.2857231139581415
204.085284602 163.326 0.8559885369974722
206.06727623 163.2 0.7242323782704148
208.049294035 163.156 0.6713651434715189
210.031338018 163.303 0.8062963737587836
212.01340818 162.939 0.4269346456271137
213.99550452 163.511 0.9801875708018031
215.97762704 163.382 0.8289617960687394
217.959775741 163.091 0.5121630031762265
219.941950622 162.669 0.06069590873281072
221.924151683 163.128 0.48646426404584986
223.906378927 162.365 -0.31362914505390904
225.888632352 162.924 0.20431750180432573
227.870911961 163.896 1.1312050592170237
229.853217752 162.02 -0.7940665839132919
231.835549727 162.406 -0.46159850470502306
233.817907886 162.949 0.02350725371437079
235.80029223 162.611 -0.3768523179947181
237.78270276 162.156 -0.8987811954873166
239.765139475 162.738 -0.388384320786912
241.747602376 162.699 -0.5037676025471853
243.730091464 163.78 0.49596208388103946
245.71260674 163.474 0.10369689632253198
247.695148203 162.476 -0.9856719742549842
249.677715854 162.984 -0.5742543040420003
251.660309695 164.384 0.7238391635121957
253.642929725 163.738 -0.029503282219678795
255.625575945 162.881 -0.9993943194204178
257.608248355 163.452 -0.5469475937997572
