vel Tant_raw Tant_corr
-163.950470447 166.426 -1.381867898156429
-161.973338822 166.895 -0.8281956514994135
-159.996181116 168.403 0.761286878201588
-158.018997329 167.833 0.26965417434215055
-156.041787459 167.072 -0.41602000996590505
-154.064551506 166.781 -0.6346626521494727
-152.087289471 168.053 0.7067985397783048
-150.110001351 169.095 1.815435127293341
-148.132687147 169.202 1.9863179409826444
-146.155346858 166.799 -0.355482919343018
-144.177980484 168.277 1.1811019151536186
-142.200588024 167.348 0.3081410823014039
-140.223169477 167.05 0.06370248879116502
-138.245724844 167.099 0.16385331002842918
-136.268254123 166.732 -0.15434000983077567
-134.290757314 167.432 0.5921882418904545
-132.313234417 167.098 0.3025030463487042
-130.335685431 166.185 -0.5683313468962297
-128.358110355 165.865 -0.8482514200032369
-126.380509189 168.519 1.8438056130346467
-124.402881933 166.693 0.05390180631619046
-122.425228585 166.282 -0.3229015180315855
-120.447549147 164.855 -1.7175437700548457
-118.469843616 166.376 -0.16596509191663245
-116.492111992 165.475 -1.0381063581292551
-114.514354276 165.261 -1.2249091756114012
-112.536570465 164.667 -1.793315883718435
-110.558760561 165.942 -0.4942695544613116
-108.580924562 165.824 -0.5897139924848034
-106.603062468 166.526 0.13340626475846307
-104.625174278 165.514 -0.8588540530526245
-102.647259991 167.299 0.9445590507827717
-100.669319609 165.689 -0.6483011601343946
-98.6913531286 165.255 -1.0663821553256696
-96.7133605507 166.086 -0.22063213761825295
-94.7353418746 164.816 -1.4770000431900314
-92.7572970997 165.526 -0.754435541681687
-90.7792262255 166.289 0.020110963706486018
-88.8011292514 166.077 -0.18131166388096176
-86.8230061771 166.253 0.0043447049459075515
-84.8448570018 167.174 0.9341274657296879
-82.8666817252 167.437 1.205083280063377
-80.8884803468 165.86 -0.36474192450305054
-78.9102528658 166.811 0.5926970454400191
-76.931999282 168.187 1.9744446490618088
-74.9537195948 167.413 1.205544611197439
-72.9754138036 167.742 1.539039922249259
-70.9970819079 168.23 2.030972838089667
-69.0187239072 169.761 3.565384879964057
-67.040339801 170.405 4.2123168343938175
-65.0619295888 171.85 5.659808753079119
-63.0834932701 173.016 6.827899952801687
-61.1050308443 175.761 9.574629015327787
-59.126542311 179.255 13.07003378731062
-57.1480276695 178.507 12.32315138019365
-55.1694869195 180.403 14.22001817011278
-53.1909200603 181.82 15.63766979779976
-51.2123270915 182.239 16.057141168484463
-49.2337080125 183.788 17.60646645179787
-47.2550628228 183.829 17.647679081674738
-45.276391522 182.776 16.594811756256377
-43.2976941095 184.916 18.73489643779334
-41.3189705847 181.419 15.237964352548232
-39.3402209472 180.525 14.344045990698163
-37.3614451964 179.841 13.66017110623784
-35.3826433319 180.267 14.086368716881793
-33.4038153531 179.708 13.52766710396753
-31.4249612595 177.934 11.754093812357752
-29.4460810505 177.952 11.772675650343416
-27.4671747257 177.41 11.231438689545996
-25.4882422846 176.463 10.285408264820404
-23.5092837265 175.732 9.555608974157622
-21.5302990511 175.85 9.675064678587034
-19.5512882577 174.981 8.807798502079436
-17.572251346 177.166 10.994832831449145
-15.5931883153 177.082 10.913189316257188
-13.6140991651 182.624 16.45788886871341
-11.634983895 191.431 25.26795166357911
-9.6558425043 202.165 36.00539713806998
-7.67667499266 206.267 40.11124399175793
-5.69748135949 207.885 41.73351018647446
-3.71826160422 206.727 40.580212946212754
-1.73901572646 209.071 42.929368757029806
0.240256274408 213.312 47.175993366950024
2.21955439893 212.757 46.62710178586684
4.19887864748 211.39 45.266708285444906
6.17822902071 209.66 43.543826399024084
8.15760551906 208.684 42.575468921520155
10.1370081431 206.71 40.6096479093286
12.1164368934 208.387 42.29537468022653
14.0958917703 206.618 40.53565981327418
16.0753727744 205.206 39.13351314871937
18.0548799063 201.578 35.515943787899005
20.0344131664 199.114 33.06296009314025
22.0139725553 197.498 31.45856968766506
23.9935580735 196.424 30.396779455491185
25.9731697215 193.282 27.267595541334742
27.9528074998 193.231 27.230023350512795
29.932471409 195.869 29.882067548846436
31.9121614495 194.842 28.869732062560956
33.8918776219 194.616 28.659020078191134
35.8716199267 194.48 28.53893404248126
37.8513883643 193.863 27.9384756622876
39.8311829355 191.132 25.224645904484618
41.8110036406 192.006 26.116444995859922
43.79085048 189.84 23.968872423021395
45.7707234546 188.841 22.988926932303542
47.7506225645 187.085 21.25260652965744
49.7305478106 187.879 22.06690848056843
51.7104991932 184.838 19.046829309944542
53.6904767127 185.524 19.754364802025663
55.6704803699 185.118 19.370510000289187
57.6505101651 185.961 20.236259207342528
59.630566099 187.109 21.407605984835214
61.610648172 187.149 21.471543153353167
63.5907563846 188.265 22.61206279232556
65.5708907374 187.704 22.07615623992706
67.5510512308 189.372 23.76981409297619
69.5312378655 188.591 23.015026206844027
71.5114506418 188.322 22.772781695347135
73.4916895603 188.62 23.098068930658968
75.4719546217 187.344 21.849875543209606
77.4522458262 186.888 21.422188421579307
79.4325631746 187.613 22.175993712416044
81.4129066673 187.504 22.09627682032368
83.3932763047 187.052 21.67402240776954
85.3736720875 186.92 21.572214394990993
87.3540940161 185.64 20.322835959888778
89.3345420911 183.904 18.617869537936457
91.315016313 184.441 19.18629682207788
93.2955166823 180.497 15.274098762630985
95.2760431995 178.172 12.98125556718955
97.2565958652 176.904 11.74574670052715
99.2371746798 174.911 9.785550884494057
101.217779644 172.627 7.534646097927634
103.198410758 169.77 4.71100957654096
105.179068023 168.785 3.7596178128501094
107.159751438 168.549 3.5574465560218584
109.140461005 167.543 2.5854708118640417
111.121196725 165.372 0.4486648426598663
113.101958596 164.919 0.030002167034496097
115.082746621 164.471 -0.38354444000449917
117.0635608 169.819 0.0
119.044401132 163.886 -0.8994020676266246
121.02526762 177.582 0.0
123.006160262 165.221 0.5048592817008171
124.98707906 165.824 1.14245860547436
126.968024015 164.67 0.02299502434325973
128.948995126 164.286 -0.3265638954287624
130.929992394 163.358 -1.220251332031978
132.91101582 165.511 0.9668987917563072
134.892065405 165.616 1.105851808473659
136.873141148 163.664 -0.812427694159993
138.854243051 163.632 -0.8109758732546197
140.835371113 164.38 -0.029829630950786168
142.816525336 164.373 -0.004026614416261509
144.797705719 163.811 -0.533605216044748
146.778912264 165.005 0.692395426545346
148.760144971 164.866 0.5849354303303187
150.74140384 165.105 0.8549741668163051
152.722688873 164.068 -0.15152973802824476
154.704000068 163.542 -0.64761840396352
156.685337428 164.079 -0.08133469643877334
158.666700952 165.048 0.9162777731727942
160.648090641 162.768 -1.3358253524339432
162.629506496 164.086 0.009310823375074051
164.610948517 163.121 -0.9293595489384927
166.592416704 163.023 -1.0018830651687267
168.573911059 163.081 -0.9193070674395187
170.555431581 163.402 -0.5746796443659719
172.536978271 163.696 -0.2580496310895626
174.51855113 163.726 -0.20646660940272454
176.500150158 165.302 1.3900190921425235
178.481775355 163.269 -0.6236436018513132
180.463426723 163.765 -0.10950651370788478
182.445104262 163.556 -0.30162221281443635
184.426807972 163.89 0.04795598430109749
186.408537853 164.345 0.5171740138720793
188.390293907 162.866 -0.9490229351932555
190.372076134 163.409 -0.394690421438753
192.353884534 163.62 -0.17388475094219302
194.335719108 163.515 -0.27066297741006906
196.317579856 163.083 -0.6960829022856672
198.299466779 163.684 -0.09020307483942247
200.281379877 163.946 0.17491720772613917
202.263319151 165.757 1.9872179001827988
204.245284602 163.688 -0.08236179082584272
206.22727623 164.037 0.26411659311892777
208.209294035 164.432 0.6545907621145091
210.191338018 164.382 0.5979976778348544
212.17340818 164.722 0.9292735534314147
214.15550452 164.359 0.5553538534468885
216.13762704 164.182 0.36517329369169715
218.119775741 164.719 0.8866658411618857
220.101950622 164.181 0.3307647139558014
222.084151683 164.474 0.6034023811551208
224.066378927 163.867 -0.026489437303808927
226.048632352 164.965 1.0460202293595842
228.030911961 165.277 1.329861602556008
230.013217752 163.358 -0.6200358456434856
231.995549727 164.226 0.21425660726919205
233.977907886 163.433 -0.6153330657726599
235.96029223 162.845 -1.2428776415568166
237.94270276 163.995 -0.1354506466759915
239.925139475 162.93 -1.2461263575792145
241.907602376 164.6 0.37502019924403385
243.890091464 164.686 0.40891324720303146
245.87260674 163.429 -0.903523740492858
247.855148203 164.042 -0.34936804087203654
249.837715854 163.539 -0.9146976814111554
251.820309695 165.137 0.6174085598828469
253.802929725 164.352 -0.2371288454915259
255.785575945 164.279 -0.3833901767907264
257.768248355 165.16 0.4205435359758951
