vel Tant_raw Tant_corr
-164.750470447 166.363 -1.056603713656159
-162.773338822 166.431 -0.7830550311364277
-160.796181116 170.314 0.0
-158.818997329 165.766 -1.0728882564464755
-156.841787459 166.525 -0.14370468478261955
-154.864551506 165.926 -0.5837484465151874
-152.887289471 168.399 0.0
-150.910001351 166.428 0.2035836647841336
-148.932687147 166.469 0.3715036891698844
-146.955346858 166.512 0.5312846820057189
-144.977980484 173.37 0.0
-143.000588024 165.76 -0.01651146370508627
-141.023169477 165.001 -0.687565790347918
-139.045724844 165.803 0.19328647441929547
-137.068254123 165.904 0.3643000651907471
-135.090757314 165.497 0.018727047281942077
-133.113234417 165.456 0.03081681646935408
-131.135685431 165.957 0.57681609865719
-129.158110355 165.749 0.40596894948652107
-127.180509189 171.288 0.0
-125.202881933 165.472 0.180698226163571
-123.225228585 164.551 -0.7252505911701803
-121.247549147 165.511 0.24290367302901927
-119.269843616 168.507 0.0
-117.292111992 164.836 -0.4355584301033275
-115.314354276 165.517 0.23427858318717654
-113.336570465 164.33 -0.9698745614545317
-111.358760561 167.466 2.143202143414527
-109.380924562 165.591 0.239726031410612
-107.403062468 164.142 -1.2430882379761385
-105.425174278 165.699 0.2749713202287012
-103.447259991 171.986 0.0
-101.469319609 165.795 0.2785464847384276
-99.4913531286 165.675 0.10547268531240661
-97.5133605507 165.665 0.03809390133866941
-95.5353418746 165.433 -0.2553912600160686
-93.5572970997 165.711 -0.04278686820819644
-91.5792262255 164.493 -1.3298996696701693
-89.6011292514 166.001 0.10546091182862938
-87.6230061771 165.755 -0.21651722515755978
-85.6448570018 171.127 0.0
-83.6666817252 165.74 -0.39275145098829967
-81.6884803468 165.62 -0.5976451343578901
-79.7102528658 166.122 -0.18315272600415256
-77.731999282 168.859 2.463900278879663
-75.7537195948 166.174 -0.31331429473107164
-73.7754138036 165.239 -1.3426273020298254
-71.7970819079 165.46 -1.2178722787286063
-69.8187239072 167.82 1.0441145585830043
-67.840339801 166.212 -0.6635056879167678
-65.8619295888 166.282 -0.6945745976365458
-63.8834932701 165.572 -1.5069364319267322
-61.9050308443 166.433 -0.7494381344391741
-59.926542311 173.138 0.0
-57.9480276695 167.177 -0.21526233232316372
-55.9694869195 167.707 0.2087078703368661
-53.9909200603 167.567 -0.037876399877404765
-52.0123270915 169.505 1.79312449658849
-50.0337080125 172.393 4.573847514852758
-48.0550628228 170.627 2.7004269252584834
-46.076391522 171.805 3.770994313018633
-44.0976941095 180.144 12.002678577844733
-42.1189705847 176.219 7.970605933602684
-40.1402209472 178.424 10.068899907968444
-38.1614451964 179.962 11.50068134205111
-36.1826433319 184.471 15.904068390059564
-34.2038153531 184.541 15.8691765189254
-32.2249612595 185.823 17.047118507964086
-30.2460810505 186.413 17.534004448508824
-28.2671747257 186.94 17.95894174357113
-26.2882422846 187.105 18.023035107469468
-24.3092837265 186.398 17.216386565469264
-22.3302990511 185.972 16.692095453457682
-20.3512882577 185.976 16.5992584175479
-18.372251346 193.839 24.366969413763314
-16.3931883153 188.25 18.684319707642885
-14.4140991651 191.016 21.358397873914754
-12.434983895 195.232 25.484289796135386
-10.4558425043 203.391 33.55507866631575
-8.47667499266 212.233 42.31084498459549
-6.49748135949 216.535 46.52866655885978
-4.51826160422 215.001 44.91261850439594
-2.53901572646 218.933 48.764773243543885
-0.559743725592 219.514 49.26820050532356
1.41955439893 215.338 45.01696732509157
3.39887864748 216.529 46.13513804418852
5.37822902071 218.726 48.26177430956636
7.35760551906 223.571 53.03893507345052
9.33700814311 219.137 48.539676592971205
11.3164368934 217.496 46.836052429814
13.2958917703 215.128 44.40811344986716
15.2753727744 214.011 43.233907822853496
17.2548799063 209.623 38.791481021981326
19.2344131664 207.273 36.38987582359371
21.2139725553 203.227 32.29513230680115
23.1935580735 207.436 36.458287853133726
25.1731697215 198.904 27.883377146181743
27.1528074998 195.653 24.592432171239636
29.132471409 193.174 22.076482214947703
31.1121614495 191.871 20.739553864941314
33.0918776219 190.859 19.696671009487204
35.0716199267 188.713 17.52285483713237
37.0513883643 187.945 16.73012383634699
39.0311829355 186.519 15.282493795161827
41.0110036406 189.705 18.44997780082261
42.99085048 184.634 13.363586239425302
44.9707234546 183.993 12.71032679555816
46.9506225645 181.706 10.41420445195385
48.9305478106 185.977 14.679221489122881
50.9104991932 180.302 9.001377485004156
52.8904767127 179.413 8.112669314604034
54.8704803699 178.016 6.719091149641116
56.8505101651 176.53 5.239634458188817
58.830566099 175.199 3.9182880043196917
60.810648172 174.561 3.2930378477465467
62.7907563846 174.763 3.510867343466714
64.7708907374 172.957 1.723757141405713
66.7510512308 180.208 0.0
68.7312378655 172.02 0.8336267161332103
70.7114506418 172.059 0.9005542641941702
72.6916895603 171.534 0.4064376563052008
74.6719546217 172.837 1.7432440116750456
76.6522458262 170.984 -0.07306225771148434
78.6325631746 171.305 0.2874805525684394
80.6129066673 171.9 0.9248314390006271
82.5932763047 174.706 3.7759466897830123
84.5736720875 171.139 0.2567798844759466
86.5540940161 171.048 0.21628189363087813
88.5345420911 171.604 0.8254008784450093
90.515016313 177.805 0.0
92.4955166823 171.264 0.5992688708882667
94.4760431995 170.081 -0.5230993491071558
96.4565958652 169.687 -0.8540850494043184
98.4371746798 170.044 -0.43175362097076686
100.417779644 170.59 0.18182683373126451
102.398410758 169.779 -0.5594144996396722
104.379068023 170.719 0.4524488523905461
106.359751438 170.695 0.5023406506380468
108.340461005 176.226 0.0
110.321196725 170.537 0.4978910644220491
112.301958596 170.506 0.5463836355152409
114.282746621 171.215 1.3365725634557748
116.2635608 175.652 0.0
118.244401132 174.698 0.0
120.22526762 196.536 0.0
122.206160262 172.217 2.678454972633517
124.18707906 170.734 1.2837242740058628
126.168024015 169.014 -0.34688964010553036
128.148995126 168.246 -1.0244928708712564
130.129992394 167.538 -1.6411942362453829
132.11101582 171.551 2.4638947285876043
134.092065405 174.939 0.0
136.073141148 167.244 -1.6570160802603482
138.054243051 167.729 -1.0782525137371977
140.035371113 167.857 -0.8561719373628307
142.016525336 167.832 -0.7868994778046101
143.997705719 166.996 -1.5285629812536285
145.978912264 166.734 -1.6962930134979786
147.960144971 166.672 -1.664222860519203
149.94140384 170.576 2.3335114712447194
151.922688873 166.998 -1.1512287453651595
153.904000068 166.806 -1.2505849588697515
155.885337428 166.446 -1.518701339087869
157.866700952 172.584 0.0
159.848090641 167.243 -0.5408048894086903
161.829506496 165.888 -1.807094010227786
163.810948517 166.597 -1.01074720004911
165.792416704 166.287 -1.2349222418725958
167.773911059 167.398 -0.039779642297332884
169.755431581 167.007 -0.34848263209465813
171.736978271 166.778 -0.4971971663528052
173.71855113 166.796 -0.4010919249234348
175.700150158 172.406 0.0
177.681775355 166.682 -0.3661104605279206
179.663426723 166.182 -0.795585224306194
181.645104262 165.749 -1.160942186681666
183.626807972 169.301 2.4556363432635067
185.608537853 166.2 -0.5840346704654564
187.590293907 166.208 -0.5181429910781219
189.572076134 165.903 -0.7688791094819578
191.553884534 166.848 0.22656375542550222
193.535719108 166.611 0.03598965642029839
195.517579856 166.516 -0.01680008245793374
197.499466779 167.076 0.580993133781277
199.481379877 167.335 0.8731651706773675
201.463319151 173.581 0.0
203.445284602 167.667 1.2568155193540065
205.42727623 166.978 0.585871911836847
207.409294035 167.072 0.6924632856722894
209.391338018 168.717 2.344371853866136
211.37340818 167.707 1.3353770978303885
213.35550452 167.303 0.9262557670314493
215.33762704 167.003 0.6147818786253652
217.319775741 169.999 3.592726717092404
219.301950622 168.015 1.5838588339073567
221.284151683 166.698 0.23494404716151962
223.266378927 167.895 1.3927454411427789
225.248632352 172.323 0.0
227.230911961 171.225 0.0
229.213217752 166.581 -0.08496346283405387
231.195549727 166.74 0.0032788099302933915
233.177907886 167.075 0.25901166630598027
235.16029223 167.495 0.5909817805645048
237.14270276 167.0 -0.0010669092978048411
239.125139475 166.489 -0.618393201808459
241.107602376 166.866 -0.3572586325745135
243.090091464 171.602 0.0
245.07260674 167.094 -0.3906667384412401
247.055148203 167.288 -0.3427461728263381
249.037715854 167.066 -0.7214382648778042
251.020309695 171.661 0.0
253.002929725 167.959 -0.17476406507771003
254.985575945 167.574 -0.7499564428013343
256.968248355 167.379 -1.1468788182143044
