vel Tant_raw Tant_corr
-177.520470447 160.686 0.8190612658492569
-175.543338822 161.237 1.200869048723149
-173.566181116 161.372 1.1724705452531907
-171.588997329 161.213 0.8557706941421372
-169.611787459 160.929 0.4196750960944371
-167.634551506 160.866 0.21009001422271467
-165.657289471 161.507 0.7099223740378307
-163.680001351 166.11 0.0
-161.702687147 165.755 0.0
-159.725346858 161.887 0.6980032937129579
-157.747980484 160.895 -0.4144120763607759
-155.770588024 161.306 -0.11886543974836172
-153.793169477 160.525 -1.010445895222773
-151.815724844 160.582 -1.0592418784986535
-149.838254123 160.948 -0.7943411624176235
-147.860757314 161.227 -0.6118308565870336
-145.883234417 161.313 -0.6177974074060444
-143.905685431 160.881 -1.1373265980204224
-141.928110355 160.93 -1.1715035481828124
-139.950509189 160.899 -1.2814127141258496
-137.972881933 160.801 -1.4541378885217284
-135.995228585 160.415 -1.9107622004633242
-134.017549147 161.635 -0.7573681151599203
-132.039843616 161.187 -1.2680374341653646
-130.062111992 161.751 -0.7628512950109041
-128.084354276 161.67 -0.8988901711998949
-126.106570465 161.615 -1.0052338722542231
-124.128760561 162.472 -0.19596154338054816
-122.150924562 162.686 -0.02615166562026161
-120.173062468 163.585 0.8321179443922517
-118.195174278 162.702 -0.08822986555375678
-116.217259991 163.228 0.4037284168673807
-114.239319609 163.266 0.41091696865004224
-112.261353129 163.021 0.13826063141610234
-110.283360551 163.284 0.37668491163549334
-108.305341875 163.705 0.7761159806605633
-106.3272971 163.955 1.0074806748056062
-104.349226225 164.704 1.7407064954496718
-102.371129251 165.935 2.958721609136205
-100.393006177 166.936 3.9494548476293403
-98.4148570018 168.509 5.514835708021678
-96.4366817252 171.02 8.020794352825845
-94.4584803468 173.811 10.809261610055131
-92.4802528658 177.161 14.159168973313513
-90.501999282 181.779 18.779448601884184
-88.5237195948 184.509 21.51403332081719
-86.5454138036 187.184 24.195856621018464
-84.5670819079 189.24 26.26085265933736
-82.5887239072 190.025 27.05695625865505
-80.610339801 187.806 24.85110290797266
-78.6319295888 187.589 24.649228762499575
-76.6534932701 185.913 22.99027064374178
-74.6750308443 183.983 21.079166039590945
-72.696542311 182.403 19.51985310440992
-70.7180276695 181.249 18.388270659126192
-68.7394869195 180.071 17.23435819131234
-66.7609200603 178.97 16.159055855283583
-64.7823270915 177.557 14.773304472177728
-62.8037080125 175.246 12.491045530049831
-60.8250628228 172.668 9.943221183956354
-58.846391522 170.669 7.975774256043394
-56.8676941095 169.3 6.639648235639612
-54.8889705847 170.434 7.807787279341824
-52.9102209472 170.514 7.92313621109966
-50.9314451964 171.661 9.106640522310755
-48.9526433319 172.509 9.992246371902127
-46.9738153531 173.016 10.537900586425792
-44.9949612595 173.74 11.301550660141714
-43.0160810505 176.601 14.203144755109975
-41.0371747257 179.091 16.734631701273173
-39.0582422846 180.502 18.1879609965508
-37.0792837265 181.198 18.927082806930116
-35.1002990511 181.857 19.62994796654155
-33.1212882577 180.234 18.051507977764544
-31.142251346 182.645 20.507715011298245
-29.1631883153 183.96 21.868521906268114
-27.1840991651 184.98 22.934882170300682
-25.204983895 186.672 24.673749979614257
-23.2258425043 188.412 26.461080179116806
-21.2466749927 193.965 32.06182828247779
-19.2674813595 199.801 37.94595047223598
-17.2882616042 207.889 46.08240359987346
-15.3090157265 217.222 55.464145185903874
-13.3297437256 226.293 64.58413341997843
-11.3504456011 233.633 71.97332716095218
-9.37112135252 238.38 76.76968593698433
-7.39177097929 238.399 76.83816994562716
-5.41239448094 236.755 75.24374005390985
-3.43299185689 232.607 71.1453577984322
-1.45356310664 226.3 64.88798538544859
0.525891770263 215.738 54.37558569095725
2.50537277443 205.97 44.65712226079418
4.48487990627 196.686 35.42255931071256
6.46441316639 188.776 27.56186172648151
8.44397255534 180.021 18.85599506396821
10.4235580735 174.829 13.71292554922394
12.4031697215 170.231 9.163620078582824
14.3828074998 166.397 5.378046218740451
16.362471409 164.566 3.5951722068499237
18.3421614495 163.508 2.5849669506023076
20.3218776219 162.645 1.7694000283249238
22.3016199267 161.067 0.23844168906302343
24.2813883643 160.758 -0.02393714733173624
26.2611829355 160.611 -0.12476489010063574
28.2410036406 159.968 -0.7220692775104283
30.22085048 160.653 0.008122623249647631
32.2007234546 159.67 -0.9302155838346096
34.1806225645 160.226 -0.3301096235429668
36.1605478106 160.316 -0.19658454929603408
38.1404991932 159.681 -0.7886647430977689
40.1204767127 159.151 -1.2763739154310372
42.1004803699 160.069 -0.31673510516262127
44.0805101651 159.753 -0.5917706794735977
46.060566099 159.705 -0.5995023337515022
48.040648172 159.535 -0.729951091516341
50.0207563846 159.59 -0.636137304323114
52.0008907374 160.439 0.2509193483266188
53.9810512308 160.577 0.42619985906779334
55.9612378655 160.397 0.2826858927702176
57.9414506418 160.356 0.2773597866143973
59.9216895603 160.344 0.3002045501932571
61.9019546217 160.764 0.7542038655971055
63.8822458262 160.273 0.2963420874922349
65.8625631746 160.142 0.19760424322879544
67.8429066673 160.64 0.7269760329124892
69.8232763047 159.78 -0.10255617049935495
71.8036720875 160.074 0.22099467889538005
73.7840940161 160.06 0.235616300023338
75.7645420911 159.922 0.12529708493224234
77.745016313 160.751 0.9810260988753043
79.7255166823 160.152 0.4077930804016887
81.7060431995 159.677 -0.04241155855444845
83.6865958652 159.176 -0.5195967325839774
85.6671746798 159.994 0.32122931728275717
87.6477796439 159.214 -0.43694097633056117
89.6284107579 160.171 0.540885492938429
91.6090680226 159.051 -0.5592974947140021
93.5897514381 159.747 0.1555045148201657
95.5704610053 158.874 -0.6997133503355428
97.5511967246 159.443 -0.11395528796546728
99.5319585963 160.237 0.6957751783311608
101.512746621 159.878 0.35147519923279447
103.4935608 162.372 0.0
105.474401132 167.607 0.0
107.45526762 162.363 0.0
109.436160262 163.048 0.0
111.41707906 159.021 -0.44753389299293644
113.398024015 158.75 -0.7100386096114448
115.378995126 159.902 0.4494251702928693
117.359992394 160.052 0.6058599948056553
119.34101582 162.167 0.0
121.322065405 159.637 0.20065634546651268
123.303141148 159.135 -0.297973656482327
125.284243051 159.304 -0.12661566983123862
127.265371113 159.51 0.0807362297755958
129.246525336 159.729 0.3000886422194071
131.227705719 159.721 0.29144884299151386
133.208912264 159.787 0.35582478328393563
135.190144971 159.858 0.4242250900786928
137.17140384 159.491 0.05365906623791261
139.152688873 159.859 0.4171366905880518
141.134000068 159.541 0.09366861802220683
143.115337428 159.653 0.19926617956767245
145.096700952 159.75 0.2889413824987912
147.078090641 159.005 -0.46429308959082505
149.059506496 159.327 -0.15142387669399682
151.040948517 159.062 -0.42643694229531093
153.022416704 158.801 -0.6983175732855784
155.003911059 158.79 -0.7210503798845309
156.985431581 158.877 -0.6466192955232657
158.966978271 159.6 0.06299242321654219
160.94855113 159.569 0.017802196702689344
162.930150158 159.428 -0.13817187765062044
164.911775355 159.314 -0.26791102529955424
166.893426723 160.285 0.6866042055015953
168.875104262 159.623 0.007393943821597304
170.856807972 159.741 0.10747899612681522
172.838537853 159.717 0.06488084637047109
174.820293907 159.089 -0.5823783439377621
176.802076134 159.133 -0.5582757356047523
178.783884534 159.434 -0.27778781168245814
180.765719108 159.497 -0.23589037738923935
182.747579856 159.69 -0.06455855999993787
184.729466779 160.22 0.44323319122241855
186.711379877 160.043 0.24351110513782714
188.693319151 160.944 1.1213020887961704
190.675284602 160.09 0.24363372753788326
192.65727623 159.923 0.05253428509530522
194.639294035 159.913 0.018032703671053696
196.621338018 161.205 1.2851586040145548
198.60340818 160.813 0.8679422855235543
200.58550452 160.279 0.30841472635955824
202.56762704 160.275 0.27860758347324577
204.549775741 159.648 -0.3744468072552536
206.531950622 160.268 0.2192845690873355
208.514151683 159.778 -0.297164593502373
210.496378927 160.57 0.4682400781175602
212.478632352 159.538 -0.5904663635687939
214.460911961 159.886 -0.26924818677986195
216.443217752 159.494 -0.6880689802123072
218.425549727 159.253 -0.9558916530730528
220.407907886 159.599 -0.6366784349084753
222.39029223 160.319 0.05660912444440669
224.37270276 160.152 -0.1369898450386131
226.355139475 160.347 0.03156446654708134
228.337602376 160.636 0.2943125490710372
230.320091464 160.031 -0.3367044275156559
232.30260674 160.343 -0.05044461309071835
234.285148203 160.149 -0.2698654772452471
236.267715854 160.576 0.1320761907536223
238.250309695 160.737 0.2684242820667748
240.232929725 160.527 0.03422336842226059
242.215575945 161.007 0.49051870214236715
244.198248355 160.485 -0.05464378372968781
