DATE 2017:115:19:07:08 obsn   0 az 306 el 16 freq_MHz  1424.0000 Tsys 158.644 Tant 316.809 vlsr  -33.09 glat  0.880 glon 76.965 azoff 0.00 eloff 0.00 source CygnusX 
Fstart 1422.997 fstop 1425.003 spacing 0.009375 bw    2.400 fbw    2.000 MHz nfreq 256 nsam 5242880 npoint 214 integ    57 sigma    0.217 bsw 0
Spectrum     52 integration periods
 478.400  476.868  476.177  475.078  475.183  476.343  476.092  479.714  476.601  475.438  475.401  474.541  474.693  474.715  474.644  474.232  475.094  475.759  476.224  475.065  476.644  475.406  475.765  475.633  476.233  476.199  475.875  474.697  476.034  476.402  475.885  476.268  476.920  475.435  474.976  474.530  476.584  475.875  474.569  476.280  477.355  475.689  475.255  473.654  475.676  476.610  476.090  475.062  479.899  478.349  474.604  476.379  476.398  476.122  475.739  475.480  476.601  477.267  476.819  476.522  477.256  476.656  476.559  476.715  476.387  476.101  476.740  474.495  477.404  477.416  475.075  476.068  473.780  475.155  475.177  475.782  476.492  476.962  477.345  475.367  475.434  476.075  474.726  476.023  475.075  476.890  477.049  476.028  478.396  475.965  476.315  478.000  476.398  477.410  478.330  478.440  477.576  478.275  478.318  477.818  477.373  477.448  477.767  479.085  478.514  478.684  481.039  478.610  479.676  477.509  478.034  478.238  479.238  478.361  477.495  478.761  477.901  478.209  476.906  477.921  478.630  477.787  478.086  477.928  477.840  477.463  479.194  477.880  479.438  480.404  478.471  478.614  477.994  478.991  478.255  479.288  478.562  480.122  479.421  477.928  478.304  479.718  479.459  478.871  479.035  479.394  479.499  478.238  479.133  478.964  479.721  479.147  478.567  477.987  478.517  477.669  478.893  478.870  478.604  479.089  477.988  479.116  477.858  478.757  479.358  476.781  478.728  479.866  477.920  479.708  480.123  478.191  477.584  477.288  477.730  478.749  480.571  478.020  478.612  479.483  478.802  478.972  480.156  480.113  480.317  478.878  478.507  477.992  478.015  478.608  478.974  477.715  477.479  478.610  477.942  477.359  478.484  480.161  479.644  478.507  478.966  480.360  478.108  478.932  478.501  479.988  479.270  480.385  479.397  477.582  480.322  477.560  477.993  476.331 
DATE 2017:115:19:07:29 obsn   1 az 301 el 16 freq_MHz  1424.0000 Tsys 158.644 Tant 303.476 vlsr  -33.09 glat  0.880 glon 76.965 azoff -5.20 eloff 0.00 source CygnusX 
Fstart 1422.997 fstop 1425.003 spacing 0.009375 bw    2.400 fbw    2.000 MHz nfreq 256 nsam 5242880 npoint 214 integ    11 sigma    0.992 bsw 3
Spectrum     10 integration periods
 458.213  457.106  454.510  453.828  453.986  453.815  455.744  463.100  455.763  454.753  454.528  455.740  456.295  457.166  456.656  457.888  455.951  456.108  457.154  454.416  458.686  456.851  457.241  457.665  458.255  456.227  456.841  457.484  457.919  457.022  458.081  457.266  456.705  458.664  459.555  455.754  458.110  455.986  456.915  457.719  457.382  457.825  458.572  455.319  456.917  457.889  457.346  457.851  459.999  455.625  457.955  455.677  455.935  457.970  460.084  458.302  456.656  457.027  460.343  457.265  456.880  458.419  459.212  458.490  457.863  459.734  458.469  456.909  457.942  460.683  457.170  458.114  459.232  457.140  458.979  459.322  459.724  458.270  461.729  463.083  459.940  460.514  460.507  461.628  458.651  460.600  461.398  456.373  459.809  461.269  460.693  460.473  460.564  459.820  460.696  461.649  461.967  462.561  459.109  460.251  458.181  457.643  462.526  462.969  460.002  458.619  463.648  460.313  460.494  461.984  463.141  463.062  462.328  461.625  460.535  460.977  461.971  462.376  463.031  457.978  463.311  461.976  460.139  460.603  459.676  462.754  462.798  460.667  462.060  463.495  463.450  462.568  462.718  463.897  465.352  462.960  461.855  460.736  463.181  464.236  462.422  461.176  465.070  461.498  463.040  464.345  462.005  461.212  463.742  464.856  464.043  463.116  463.210  463.028  462.552  465.119  464.371  465.222  463.601  464.414  463.764  462.064  462.781  459.797  463.816  463.735  461.852  462.618  464.296  463.012  460.729  462.180  463.124  463.184  460.361  461.755  462.439  463.611  463.806  463.909  461.602  462.841  465.153  464.052  463.672  464.383  463.258  461.537  464.826  464.009  463.030  460.124  463.272  466.041  463.531  461.229  463.541  463.974  463.425  462.724  463.926  462.026  461.948  464.620  462.444  462.536  463.864  463.375  465.935  466.717  464.158  463.478  464.648  462.730 
DATE 2017:115:19:07:58 obsn   2 az 307 el 16 freq_MHz  1424.0000 Tsys 158.644 Tant 314.971 vlsr  -33.09 glat  0.880 glon 76.965 azoff 0.00 eloff 0.00 source CygnusX 
Fstart 1422.997 fstop 1425.003 spacing 0.009375 bw    2.400 fbw    2.000 MHz nfreq 256 nsam 5242880 npoint 214 integ    22 sigma    0.701 bsw 4
Spectrum     20 integration periods
   6.253    6.125    7.377    6.797    7.135    5.865    6.700    5.422    6.030    6.061    6.160    5.777    5.769    5.182    5.968    4.606    5.894    5.507    5.767    6.592    5.386    5.874    6.604    5.743    5.041    6.878    6.478    6.498    6.335    6.444    5.633    5.588    6.276    4.870    5.333    6.920    5.341    6.730    5.567    4.576    5.655    5.107    5.030    7.084    5.436    5.344    5.809    5.301    4.945    7.443    7.254    6.530    6.339    6.062    4.972    5.734    6.841    6.143    5.157    7.292    6.603    5.401    5.070    5.756    5.678    5.551    5.658    5.592    6.205    4.094    5.480    5.440    5.584    5.850    4.716    4.443    5.129    5.141    4.121    3.962    5.501    4.232    5.074    5.178    6.192    5.633    5.088    6.885    4.736    5.509    4.872    4.546    5.349    5.739    4.881    4.837    4.343    4.551    5.602    5.390    6.077    7.082    3.253    4.004    6.033    7.068    5.037    5.107    4.998    5.364    4.309    4.617    4.793    5.252    6.496    5.007    4.635    5.132    4.108    6.858    4.550    5.371    5.146    5.865    5.923    5.222    4.900    5.926    5.216    4.428    4.171    4.776    4.726    5.433    3.742    4.724    5.177    6.204    4.809    3.864    4.845    5.991    3.783    5.872    5.394    4.759    4.824    4.612    4.401    4.659    5.334    4.718    5.276    5.670    5.207    3.587    4.881    2.857    5.028    5.454    4.694    5.338    5.080    5.626    4.921    4.345    4.934    5.542    4.308    3.946    6.291    4.805    4.541    4.106    5.506    5.984    5.167    4.220    4.655    4.668    5.364    4.618    4.560    4.845    4.962    4.403    4.905    5.859    4.141    4.191    4.764    5.520    4.558    3.657    3.900    5.776    4.823    4.860    4.639    5.680    4.906    4.970    5.277    3.913    5.769    5.503    4.980    3.953    4.130    4.164    3.729    4.075    3.262    4.453 
DATE 2017:115:19:08:19 obsn   3 az 312 el 16 freq_MHz  1424.0000 Tsys 158.644 Tant 300.017 vlsr  -33.09 glat  0.880 glon 76.965 azoff 5.20 eloff 0.00 source CygnusX 
Fstart 1422.997 fstop 1425.003 spacing 0.009375 bw    2.400 fbw    2.000 MHz nfreq 256 nsam 5242880 npoint 214 integ    33 sigma    0.572 bsw 5
Spectrum     30 integration periods
   6.315    5.990    6.730    5.750    6.180    4.924    6.274    4.455    5.987    6.022    5.806    5.493    5.410    5.334    5.892    5.171    5.621    5.644    5.564    6.723    5.914    6.027    6.303    5.499    4.764    6.787    6.214    6.048    6.298    5.974    5.698    5.416    6.046    5.048    5.919    6.657    5.454    6.724    5.758    4.617    5.433    5.185    5.638    6.690    6.127    5.476    6.049    5.417    5.064    6.629    7.168    6.374    6.342    6.601    5.577    6.240    7.054    5.987    5.595    7.368    6.023    5.083    5.129    5.616    5.362    5.962    6.332    5.540    6.313    4.556    5.390    5.637    6.176    6.140    4.832    4.686    5.617    5.694    4.759    4.913    6.187    4.822    5.650    5.923    6.440    5.540    5.000    6.292    5.113    5.750    5.093    5.182    5.681    5.874    4.756    5.338    4.860    4.952    5.408    5.639    6.023    7.347    4.080    4.376    5.934    6.933    4.959    5.510    5.459    5.683    5.174    5.529    4.848    5.884    7.231    5.457    5.209    5.938    4.413    6.308    5.118    6.232    5.227    6.072    5.761    5.839    5.254    6.279    5.528    5.259    5.116    5.509    5.373    6.013    5.006    5.571    5.204    5.936    5.457    4.660    5.133    5.696    4.683    5.925    6.267    5.609    5.633    4.928    5.321    5.603    5.592    5.370    5.794    6.267    5.431    4.699    5.770    3.458    5.069    6.123    5.972    5.711    5.767    5.844    5.574    4.503    5.170    5.625    4.828    4.340    6.371    4.969    4.922    4.527    5.382    5.831    4.883    4.642    5.877    4.943    5.099    4.532    5.301    5.251    5.102    4.524    4.932    5.618    4.139    4.937    5.430    5.080    5.049    4.550    4.039    5.748    5.006    5.172    4.664    6.107    5.207    4.962    5.060    4.262    5.654    5.384    5.368    4.378    4.894    5.518    4.135    4.614    4.141    5.248 
DATE 2017:115:19:08:40 obsn   4 az 307 el 16 freq_MHz  1424.0000 Tsys 158.644 Tant 314.823 vlsr  -33.09 glat  0.880 glon 76.965 azoff 0.00 eloff 0.00 source CygnusX 
Fstart 1422.997 fstop 1425.003 spacing 0.009375 bw    2.400 fbw    2.000 MHz nfreq 256 nsam 5242880 npoint 214 integ    44 sigma    0.496 bsw 6
Spectrum     40 integration periods
   6.241    5.975    6.738    5.550    5.497    5.503    6.268    4.110    6.484    6.167    6.350    5.646    5.433    5.793    5.667    5.550    5.851    5.602    5.605    6.831    5.901    6.234    6.663    5.639    5.115    6.602    6.154    5.508    6.075    5.723    5.844    5.375    5.922    5.130    5.967    6.137    5.557    6.231    6.154    4.766    5.963    5.404    5.889    6.590    6.409    5.642    6.132    5.553    5.379    6.887    6.636    6.378    6.483    6.353    6.010    6.624    7.163    6.193    6.015    6.931    5.988    5.020    5.603    5.664    5.664    5.737    6.474    5.639    6.198    4.785    5.804    6.121    6.470    6.344    5.059    5.897    5.617    5.796    4.987    5.228    5.953    5.447    5.728    6.017    6.721    5.530    4.673    6.218    6.022    5.021    5.226    5.928    5.819    5.806    4.785    5.061    5.336    4.705    5.633    5.835    6.165    7.598    4.977    4.993    5.365    6.471    4.920    6.197    5.752    5.193    5.053    5.997    5.031    6.177    7.375    6.276    5.259    6.096    4.843    6.261    5.158    6.504    5.235    6.352    6.226    5.801    5.618    6.216    5.831    5.538    6.077    6.094    5.582    6.065    5.640    6.166    5.252    6.581    5.186    4.975    5.569    5.529    5.093    5.262    5.785    5.337    6.108    5.769    5.642    5.087    5.286    6.157    5.839    6.407    5.385    5.031    6.227    4.576    5.375    6.078    6.182    5.830    5.817    6.119    5.414    4.458    5.854    6.049    5.282    4.514    6.113    5.318    4.810    4.591    5.327    5.476    5.034    4.714    5.792    5.163    4.799    4.831    5.861    5.344    6.023    5.275    4.900    4.968    4.439    5.094    6.001    5.173    5.583    4.845    4.466    5.747    5.385    5.398    4.625    5.350    5.848    5.467    5.152    4.594    5.570    5.334    5.387    5.347    5.027    5.872    5.193    4.773    4.132    5.148 
DATE 2017:115:19:09:01 obsn   5 az 301 el 16 freq_MHz  1424.0000 Tsys 158.644 Tant 297.698 vlsr  -33.09 glat  0.880 glon 76.965 azoff -5.20 eloff 0.00 source CygnusX 
Fstart 1422.997 fstop 1425.003 spacing 0.009375 bw    2.400 fbw    2.000 MHz nfreq 256 nsam 5242880 npoint 214 integ    55 sigma    0.443 bsw 7
Spectrum     50 integration periods
   6.562    6.609    7.287    5.897    6.300    5.933    6.970    5.114    6.786    6.365    6.402    6.172    6.173    6.596    6.377    6.292    6.544    5.869    6.293    7.102    6.511    6.846    6.984    5.863    5.546    7.005    6.377    5.906    6.430    6.179    6.082    5.855    6.606    5.799    6.724    6.538    6.017    6.792    6.224    4.941    6.472    6.208    5.765    7.059    6.689    5.938    6.423    6.255    5.812    7.106    7.112    6.220    6.664    6.586    6.227    6.991    7.264    6.249    6.402    6.938    6.250    5.877    5.989    6.126    6.042    6.165    6.853    6.084    6.293    5.236    6.381    6.144    6.731    6.290    5.587    6.227    5.860    6.032    5.132    5.703    6.501    5.373    5.706    6.282    6.876    5.865    5.025    6.293    6.373    5.546    5.413    6.218    6.196    5.910    5.242    5.207    5.305    5.156    5.893    6.243    6.108    7.418    5.469    5.536    5.956    6.554    5.140    6.334    5.712    5.825    5.506    6.288    5.688    6.338    7.567    6.217    5.793    6.230    5.530    6.552    5.333    6.469    4.952    6.255    6.488    5.952    5.985    6.186    6.152    5.695    6.182    6.060    5.676    6.114    5.860    5.905    5.252    7.035    5.271    5.166    5.770    5.706    5.360    5.521    5.715    5.334    6.060    5.707    5.753    5.619    5.618    6.264    5.924    6.516    5.511    5.161    6.616    4.918    5.923    6.352    6.514    6.049    6.397    6.193    5.627    4.962    5.965    6.223    5.764    4.771    5.956    5.628    5.294    4.790    5.171    5.703    5.517    5.105    5.820    5.145    4.866    5.107    6.094    5.874    6.509    5.587    5.186    5.309    4.841    5.679    5.918    5.289    5.718    5.275    4.885    5.906    5.549    5.442    4.951    5.613    5.782    5.747    5.265    4.739    5.769    5.456    5.360    5.368    5.548    6.134    5.436    4.961    3.872    5.552 
DATE 2017:115:19:09:22 obsn   6 az 307 el 16 freq_MHz  1424.0000 Tsys 158.644 Tant 316.332 vlsr  -33.09 glat  0.880 glon 76.965 azoff 0.00 eloff 0.00 source CygnusX 
Fstart 1422.997 fstop 1425.003 spacing 0.009375 bw    2.400 fbw    2.000 MHz nfreq 256 nsam 5242880 npoint 214 integ    66 sigma    0.405 bsw 8
Spectrum     60 integration periods
   6.155    6.377    7.040    5.709    5.972    5.542    6.645    4.993    6.478    6.343    5.829    5.633    5.993    6.238    6.019    5.905    6.150    6.045    6.156    7.024    6.048    6.326    6.412    5.322    5.371    6.820    5.711    5.591    5.727    5.794    5.473    5.707    6.391    5.570    6.467    6.393    5.961    6.561    5.762    4.984    5.866    5.701    5.525    6.422    6.374    5.715    6.330    5.675    5.730    6.692    6.626    5.712    6.314    6.274    5.612    6.320    6.642    5.808    5.912    6.318    5.785    5.627    5.781    5.801    5.998    5.866    6.496    5.833    6.042    5.013    6.072    5.655    6.133    6.023    5.389    5.874    5.547    5.642    4.728    5.173    6.219    5.153    5.222    5.771    6.334    5.303    4.328    5.601    6.095    5.482    4.823    6.268    5.828    5.795    5.451    5.015    4.961    5.070    5.505    5.789    5.923    6.995    5.353    5.118    5.419    5.893    4.960    6.022    5.348    5.488    5.610    5.955    5.197    5.888    6.799    5.410    5.773    5.893    5.389    5.758    5.407    5.850    4.802    5.803    5.959    5.753    5.584    5.665    5.777    5.215    5.669    5.643    5.227    5.606    5.500    5.745    4.880    6.407    5.037    5.233    5.353    5.315    4.985    5.496    5.143    5.028    5.825    5.191    5.518    5.380    5.106    5.667    5.203    6.056    5.268    5.152    5.762    4.372    5.358    5.967    6.062    5.531    6.033    5.913    5.189    4.942    5.726    5.687    5.380    4.909    5.733    5.279    4.828    4.822    5.048    5.329    5.187    4.871    5.468    4.943    4.466    4.622    5.608    5.466    5.681    5.226    4.810    4.925    4.729    5.259    5.477    4.840    5.263    5.177    4.589    5.592    4.971    5.065    4.823    5.343    5.052    5.312    4.884    4.616    5.374    5.133    5.129    5.194    4.942    5.497    4.947    4.490    3.901    5.558 
DATE 2017:115:19:09:44 obsn   7 az 312 el 16 freq_MHz  1424.0000 Tsys 158.644 Tant 304.201 vlsr  -33.09 glat  0.880 glon 76.965 azoff 5.19 eloff 0.00 source CygnusX 
Fstart 1422.997 fstop 1425.003 spacing 0.009375 bw    2.400 fbw    2.000 MHz nfreq 256 nsam 5242880 npoint 214 integ    76 sigma    0.375 bsw 9
Spectrum     70 integration periods
   6.120    6.016    6.796    5.649    5.650    5.405    6.355    4.884    6.427    6.180    5.918    5.570    5.712    6.257    6.104    5.703    5.965    6.000    6.130    6.985    6.142    6.240    6.155    5.240    5.513    6.456    5.664    5.649    5.699    5.684    5.646    5.451    6.250    5.567    6.469    6.170    5.758    6.099    6.082    4.939    5.590    5.598    5.513    6.294    6.081    5.800    6.372    5.642    5.773    6.539    6.585    5.836    6.196    6.160    5.568    6.222    6.347    5.832    5.992    6.092    5.567    5.468    5.886    5.810    6.143    5.455    6.323    5.787    5.971    4.995    5.866    5.845    6.153    5.732    5.532    5.650    5.518    5.538    4.839    5.284    5.990    5.380    5.297    6.217    6.390    5.453    4.274    5.474    6.175    5.593    5.060    6.085    5.800    5.839    5.694    5.071    5.136    5.166    5.605    5.806    5.938    7.101    5.177    5.135    5.518    5.663    4.894    5.973    5.537    5.711    5.716    6.011    5.165    5.879    6.691    5.519    5.742    6.080    5.121    5.854    5.316    5.842    5.016    5.888    6.089    5.767    5.715    5.539    5.875    5.203    5.724    5.550    5.120    5.882    5.847    5.711    5.006    6.182    5.040    5.589    5.481    5.453    5.026    5.579    5.106    4.980    5.597    4.980    5.511    5.328    4.991    5.640    5.390    6.077    5.199    5.399    5.904    4.521    5.407    5.998    5.890    5.571    6.053    5.725    5.182    4.846    5.801    5.582    5.418    4.912    5.630    5.125    4.753    4.982    5.120    4.994    5.184    4.922    5.384    5.171    4.570    4.838    5.678    5.590    5.496    5.309    5.000    4.932    4.895    5.167    5.502    4.901    5.095    5.247    4.895    5.350    5.216    5.071    4.860    5.235    5.324    5.148    4.632    4.700    5.458    5.096    5.172    5.369    5.080    5.632    4.804    4.548    3.898    5.500 
DATE 2017:115:19:10:05 obsn   8 az 307 el 16 freq_MHz  1424.0000 Tsys 158.644 Tant 324.340 vlsr  -33.09 glat  0.880 glon 76.965 azoff 0.00 eloff 0.00 source CygnusX 
Fstart 1422.997 fstop 1425.003 spacing 0.009375 bw    2.400 fbw    2.000 MHz nfreq 256 nsam 5242880 npoint 214 integ    87 sigma    0.351 bsw 10
Spectrum     80 integration periods
   6.566    6.311    6.978    5.928    6.135    5.851    6.602    5.435    6.941    6.748    6.433    6.025    5.941    6.583    6.496    6.244    6.244    6.459    6.445    7.242    6.611    6.849    6.590    5.957    5.911    6.639    6.030    6.102    6.319    6.214    5.963    5.926    6.677    6.219    7.027    6.551    5.992    6.406    6.598    5.479    5.969    5.974    5.871    6.582    6.388    6.193    6.655    6.041    6.080    6.630    6.638    6.216    6.430    6.338    5.597    6.395    6.555    6.172    5.963    6.358    5.829    5.811    6.269    6.064    6.377    5.789    6.740    6.096    6.452    5.663    6.312    5.952    6.360    6.227    6.080    6.028    5.740    6.069    5.289    5.634    6.067    5.787    5.777    6.369    6.838    5.736    4.893    6.055    6.433    5.927    5.500    6.458    6.259    6.361    6.015    5.514    5.452    5.591    6.249    6.359    6.367    7.363    5.616    5.462    6.107    6.106    5.197    6.177    6.242    5.849    6.132    6.438    5.513    6.312    7.037    5.923    6.072    6.184    5.627    6.493    5.933    6.451    5.326    6.137    6.457    5.989    6.294    5.977    6.010    5.554    6.134    6.038    5.740    6.352    6.061    5.866    5.507    6.288    5.453    6.102    5.859    5.949    5.476    5.971    5.660    5.379    5.843    5.601    5.812    5.722    5.464    6.046    5.789    6.466    5.647    5.764    6.117    5.014    5.854    6.320    6.079    5.858    6.500    6.146    5.705    4.969    6.236    5.901    5.756    5.538    5.800    5.449    5.112    5.595    5.707    5.243    5.482    5.174    5.738    5.493    5.080    5.297    5.965    5.880    5.554    5.571    5.383    5.361    5.354    5.655    5.724    5.300    5.506    5.259    5.245    5.539    5.551    5.588    5.260    5.701    5.555    5.647    5.284    5.189    5.839    5.272    5.724    5.661    5.476    5.712    5.354    4.933    4.227    5.825 
DATE 2017:115:19:10:34 obsn   9 az 302 el 15 freq_MHz  1424.0000 Tsys 158.644 Tant 308.897 vlsr  -33.09 glat  0.880 glon 76.965 azoff -5.19 eloff 0.00 source CygnusX 
Fstart 1422.997 fstop 1425.003 spacing 0.009375 bw    2.400 fbw    2.000 MHz nfreq 256 nsam 5242880 npoint 214 integ    98 sigma    0.331 bsw 11
Spectrum     90 integration periods
   6.283    6.215    6.686    5.692    5.814    5.392    6.370    5.296    6.377    6.431    6.250    5.727    5.731    6.254    6.150    5.666    6.051    6.217    6.190    6.982    6.350    6.450    6.528    5.800    5.773    6.398    5.847    5.706    6.073    5.891    5.636    5.703    6.196    5.954    6.799    6.257    5.875    5.955    6.425    5.301    5.784    5.704    5.711    6.188    5.946    5.939    6.431    5.684    5.697    6.222    6.431    5.824    6.031    5.936    5.319    6.118    6.421    6.095    5.581    6.143    5.494    5.563    6.023    5.694    5.912    5.596    6.208    5.782    6.156    5.511    5.915    5.526    5.958    5.913    5.887    5.741    5.394    5.775    5.274    5.447    5.653    5.546    5.499    6.093    6.545    5.500    4.741    5.798    6.183    5.768    5.298    6.105    5.926    6.102    5.608    5.462    5.438    5.495    5.975    6.085    6.061    6.889    5.361    5.077    5.847    5.905    4.890    5.574    5.975    5.448    5.851    6.047    5.139    6.097    6.684    5.491    5.792    6.107    5.466    6.010    5.677    6.162    5.258    5.824    5.948    5.766    5.931    5.506    5.561    5.376    5.766    5.687    5.414    6.105    5.862    5.585    5.214    5.967    5.045    5.889    5.576    5.625    5.196    5.702    5.286    5.067    5.587    5.360    5.513    5.343    5.329    5.600    5.448    6.363    5.314    5.614    5.860    4.820    5.683    5.953    5.806    5.372    6.074    5.799    5.584    4.780    5.889    5.594    5.604    5.258    5.526    5.120    4.671    5.375    5.554    4.926    5.213    4.842    5.328    5.246    4.878    4.950    5.529    5.512    5.161    5.389    5.048    4.909    5.122    5.079    5.121    5.038    5.238    4.909    4.974    5.221    5.336    5.304    4.852    5.462    5.234    5.410    4.939    4.999    5.535    4.953    5.399    5.039    5.033    5.244    5.085    4.568    3.998    5.483 
DATE 2017:115:19:10:55 obsn  10 az 307 el 15 freq_MHz  1424.0000 Tsys 158.644 Tant 321.705 vlsr  -33.09 glat  0.880 glon 76.965 azoff 0.00 eloff 0.00 source CygnusX 
Fstart 1422.997 fstop 1425.003 spacing 0.009375 bw    2.400 fbw    2.000 MHz nfreq 256 nsam 5242880 npoint 214 integ   109 sigma    0.314 bsw 12
Spectrum    100 integration periods
   6.310    6.379    6.784    5.819    6.165    5.553    6.591    5.352    6.467    6.688    6.252    5.925    6.076    6.247    6.435    5.971    6.317    6.367    6.268    7.077    6.460    6.533    6.547    5.825    5.917    6.672    5.995    5.901    6.261    6.173    5.789    5.763    6.311    6.361    6.679    6.326    5.909    6.104    6.656    5.749    6.009    5.763    5.857    6.386    6.059    6.149    6.674    6.007    5.987    6.409    6.480    6.070    6.241    6.044    5.539    6.214    6.441    6.118    5.829    6.310    5.523    5.710    6.116    6.082    6.003    5.618    6.210    5.962    6.448    5.728    6.068    5.642    6.058    6.088    6.168    5.642    5.629    5.864    5.379    5.645    5.749    5.795    5.862    6.240    6.610    5.552    5.049    6.018    6.338    6.009    5.612    6.186    5.990    6.209    5.711    5.710    5.541    5.737    6.005    6.219    6.165    6.859    5.711    5.249    6.072    5.935    5.176    5.837    6.098    5.581    6.115    6.168    5.378    6.068    6.720    5.708    5.926    6.071    5.700    6.097    5.765    6.255    5.600    5.868    6.101    5.878    5.853    5.756    5.687    5.557    5.895    5.819    5.696    6.213    5.972    5.708    5.341    6.031    5.186    6.039    5.735    5.646    5.293    5.856    5.485    5.287    5.853    5.678    5.767    5.546    5.447    5.825    5.553    6.487    5.579    5.754    5.860    4.942    5.788    6.144    6.037    5.582    6.229    6.051    5.651    5.054    5.944    5.592    5.729    5.373    5.760    5.322    4.976    5.651    5.812    5.192    5.508    5.314    5.658    5.474    4.885    5.144    5.494    5.425    5.417    5.567    5.247    5.130    5.196    5.176    5.268    5.406    5.492    5.064    5.157    5.250    5.428    5.421    5.105    5.696    5.235    5.746    5.020    5.077    5.616    5.050    5.517    5.014    5.337    5.402    5.248    4.760    4.271    5.755 
DATE 2017:115:19:11:16 obsn  11 az 312 el 15 freq_MHz  1424.0000 Tsys 158.644 Tant 308.157 vlsr  -33.09 glat  0.880 glon 76.965 azoff 5.19 eloff 0.00 source CygnusX 
Fstart 1422.997 fstop 1425.003 spacing 0.009375 bw    2.400 fbw    2.000 MHz nfreq 256 nsam 5242880 npoint 214 integ   120 sigma    0.299 bsw 13
Spectrum    110 integration periods
   5.838    5.896    6.296    5.476    5.983    5.031    6.349    5.021    6.205    6.237    5.836    5.606    5.859    6.016    5.923    5.660    6.045    5.964    5.966    6.456    6.184    6.202    6.227    5.629    5.686    6.197    5.569    5.731    6.029    5.935    5.541    5.447    6.134    6.004    6.316    5.985    5.538    5.653    6.195    5.396    5.727    5.506    5.556    6.143    5.612    5.710    6.314    5.700    5.685    6.203    6.076    5.727    5.862    5.669    5.281    5.783    6.109    5.735    5.467    6.033    5.282    5.452    5.828    5.778    5.789    5.308    5.942    5.621    6.177    5.460    5.788    5.364    5.746    5.775    5.926    5.468    5.429    5.576    5.017    5.388    5.408    5.492    5.576    6.132    6.446    5.328    4.846    5.577    5.965    5.745    5.372    5.958    5.668    5.982    5.431    5.434    5.253    5.430    5.755    5.937    5.981    6.506    5.575    5.010    5.810    5.693    4.979    5.775    5.997    5.190    5.892    5.928    5.204    5.921    6.452    5.343    5.715    5.809    5.509    5.750    5.563    6.065    5.337    5.579    5.693    5.699    5.585    5.580    5.533    5.266    5.564    5.634    5.478    5.942    5.641    5.396    5.115    5.832    5.159    5.845    5.427    5.521    5.240    5.714    5.132    5.064    5.437    5.366    5.443    5.353    5.172    5.632    5.358    6.178    5.275    5.405    5.443    4.654    5.485    5.842    5.863    5.240    5.958    5.619    5.340    4.925    5.669    5.279    5.445    5.120    5.670    5.109    4.862    5.363    5.558    4.909    5.124    5.080    5.409    5.318    4.577    5.047    5.259    5.147    4.950    5.284    4.961    4.850    4.975    5.060    5.122    5.198    5.201    4.914    4.978    5.095    5.135    5.337    4.980    5.483    5.041    5.431    4.801    4.804    5.267    4.893    5.371    4.660    5.052    5.192    4.925    4.458    3.937    5.465 
DATE 2017:115:19:11:37 obsn  12 az 307 el 15 freq_MHz  1424.0000 Tsys 158.644 Tant 316.771 vlsr  -33.09 glat  0.880 glon 76.965 azoff 0.00 eloff 0.00 source CygnusX 
Fstart 1422.997 fstop 1425.003 spacing 0.009375 bw    2.400 fbw    2.000 MHz nfreq 256 nsam 5242880 npoint 214 integ   131 sigma    0.286 bsw 14
Spectrum    120 integration periods
   5.611    5.748    6.182    5.273    5.942    5.098    6.215    4.791    6.023    5.933    5.732    5.597    5.620    5.886    5.990    5.588    6.026    6.135    5.814    6.524    5.967    6.214    6.036    5.528    5.582    5.956    5.525    5.679    6.039    5.879    5.433    5.482    6.149    5.840    6.258    5.983    5.453    5.594    6.128    5.275    5.729    5.463    5.479    6.017    5.380    5.513    6.104    5.561    5.414    6.074    5.935    5.608    5.906    5.560    5.310    5.512    5.881    5.532    5.207    5.868    5.055    5.196    5.621    5.551    5.657    5.273    5.825    5.661    5.921    5.393    5.751    5.448    5.628    5.732    5.734    5.490    5.200    5.479    4.997    5.314    5.461    5.273    5.461    5.845    6.219    5.149    4.915    5.417    5.803    5.657    5.148    5.722    5.464    5.750    5.424    5.294    5.150    5.259    5.598    6.045    5.930    6.436    5.524    5.087    5.809    5.477    4.872    5.691    5.896    5.137    5.820    5.828    5.230    5.741    6.477    5.310    5.633    5.844    5.371    5.622    5.467    5.972    5.135    5.534    5.659    5.516    5.329    5.566    5.336    5.236    5.561    5.519    5.374    5.739    5.560    5.277    5.009    5.673    5.313    5.704    5.242    5.396    5.038    5.561    5.033    4.939    5.387    5.296    5.315    5.330    5.221    5.446    5.369    6.042    5.010    5.343    5.335    4.607    5.263    5.788    5.904    4.982    5.551    5.304    5.238    4.800    5.581    5.118    5.313    4.856    5.553    4.990    4.929    5.200    5.309    4.855    5.117    5.109    5.439    5.219    4.499    5.014    5.081    5.025    4.811    5.110    4.869    4.758    4.723    5.044    4.982    5.056    4.956    4.776    4.831    4.954    5.039    5.150    4.961    5.291    4.814    5.361    4.764    4.721    5.216    4.724    5.167    4.630    5.024    5.053    5.017    4.309    3.823    5.270 
DATE 2017:115:19:11:58 obsn  13 az 302 el 15 freq_MHz  1424.0000 Tsys 158.644 Tant 305.719 vlsr  -33.09 glat  0.880 glon 76.965 azoff -5.18 eloff 0.00 source CygnusX 
Fstart 1422.997 fstop 1425.003 spacing 0.009375 bw    2.400 fbw    2.000 MHz nfreq 256 nsam 5242880 npoint 214 integ   142 sigma    0.275 bsw 15
Spectrum    130 integration periods
   5.572    5.554    6.081    5.136    5.719    4.985    6.133    4.823    5.914    5.876    5.526    5.604    5.381    5.637    5.865    5.611    5.896    6.051    5.803    6.314    5.881    6.039    5.914    5.349    5.543    5.881    5.385    5.662    5.991    5.784    5.293    5.469    5.997    5.640    6.202    5.788    5.239    5.465    6.082    5.316    5.538    5.351    5.328    5.847    5.322    5.454    5.919    5.501    5.031    5.849    5.915    5.543    5.778    5.363    5.244    5.393    5.740    5.287    5.091    5.809    4.999    5.124    5.456    5.380    5.544    5.076    5.676    5.507    5.514    5.363    5.615    5.312    5.590    5.625    5.369    5.401    4.889    5.252    4.910    5.273    5.347    5.075    5.242    5.570    6.067    5.020    4.774    5.261    5.588    5.547    4.846    5.527    5.320    5.597    5.364    5.207    4.941    5.158    5.464    5.821    5.611    6.175    5.305    4.950    5.623    5.286    4.627    5.511    5.598    5.016    5.609    5.717    5.170    5.550    6.279    5.299    5.391    5.701    5.237    5.427    5.405    5.894    4.987    5.255    5.410    5.328    5.081    5.537    5.187    5.156    5.354    5.357    5.260    5.585    5.460    5.169    4.966    5.426    5.113    5.435    5.081    5.331    4.848    5.212    4.837    4.866    5.299    5.074    5.130    5.150    5.070    5.306    5.231    6.001    4.867    5.199    5.099    4.506    5.192    5.554    5.686    4.752    5.179    5.004    5.087    4.705    5.436    5.052    5.218    4.769    5.363    4.658    4.811    5.103    5.249    4.752    5.166    4.951    5.231    5.092    4.309    4.774    4.788    4.937    4.775    5.089    4.850    4.721    4.475    4.826    4.802    4.935    4.910    4.738    4.695    4.888    4.989    5.037    4.914    4.992    4.725    5.267    4.543    4.621    5.144    4.532    4.999    4.534    4.969    5.067    4.900    4.200    3.668    5.107 
DATE 2017:115:19:12:20 obsn  14 az 307 el 15 freq_MHz  1424.0000 Tsys 158.644 Tant 316.129 vlsr  -33.09 glat  0.880 glon 76.965 azoff 0.00 eloff 0.00 source CygnusX 
Fstart 1422.997 fstop 1425.003 spacing 0.009375 bw    2.400 fbw    2.000 MHz nfreq 256 nsam 5242880 npoint 214 integ   153 sigma    0.265 bsw 16
Spectrum    140 integration periods
   5.429    5.521    5.927    5.155    5.647    4.954    5.960    4.551    5.852    5.845    5.455    5.497    5.209    5.674    5.844    5.483    5.959    5.904    5.667    6.177    5.719    5.885    5.749    5.194    5.456    5.792    5.280    5.384    5.745    5.602    5.227    5.566    5.976    5.477    5.993    5.693    5.136    5.298    5.930    5.239    5.460    5.295    5.170    5.808    5.228    5.430    5.632    5.535    5.007    5.840    5.826    5.443    5.593    5.226    5.111    5.308    5.776    5.185    5.150    5.634    4.904    5.109    5.495    5.348    5.525    5.025    5.478    5.470    5.454    5.351    5.669    5.227    5.441    5.383    5.332    5.290    4.857    5.226    4.851    5.099    5.239    5.038    4.914    5.547    5.921    4.840    4.758    5.208    5.495    5.308    4.741    5.473    5.182    5.415    5.267    5.072    4.837    5.025    5.193    5.811    5.486    5.990    5.343    4.877    5.566    5.288    4.574    5.414    5.567    5.045    5.379    5.473    5.071    5.406    6.005    5.199    5.250    5.637    5.134    5.375    5.242    5.831    5.018    5.090    5.288    5.270    5.066    5.453    5.143    5.082    5.187    5.137    4.998    5.427    5.445    4.942    4.875    5.225    5.138    5.330    4.913    5.143    4.749    5.063    4.692    4.804    5.082    5.037    4.992    5.180    4.848    5.228    5.221    5.824    4.815    5.075    4.941    4.397    5.042    5.251    5.634    4.686    5.021    4.873    4.965    4.466    5.378    4.845    5.019    4.733    5.152    4.633    4.754    4.954    5.031    4.639    5.082    4.826    5.167    4.929    4.276    4.576    4.615    4.793    4.596    4.928    4.732    4.548    4.393    4.774    4.662    4.785    4.727    4.538    4.498    4.781    4.724    4.848    4.874    4.879    4.561    5.284    4.451    4.615    4.998    4.419    4.842    4.425    4.734    4.931    4.826    4.208    3.710    4.925 
DATE 2017:115:19:12:41 obsn  15 az 312 el 15 freq_MHz  1424.0000 Tsys 158.644 Tant 302.010 vlsr  -33.09 glat  0.880 glon 76.965 azoff 5.18 eloff 0.00 source CygnusX 
Fstart 1422.997 fstop 1425.003 spacing 0.009375 bw    2.400 fbw    2.000 MHz nfreq 256 nsam 5242880 npoint 214 integ   164 sigma    0.256 bsw 17
Spectrum    150 integration periods
   5.575    5.558    5.724    5.216    5.642    5.019    5.978    4.442    5.854    5.768    5.325    5.472    5.409    5.654    5.743    5.501    5.975    5.859    5.712    6.238    5.696    5.732    5.770    5.301    5.529    5.845    5.237    5.466    5.748    5.662    5.253    5.521    6.060    5.493    5.921    5.773    5.200    5.337    5.856    5.212    5.490    5.202    5.181    5.700    5.177    5.483    5.628    5.654    5.171    5.838    5.873    5.529    5.505    5.145    5.096    5.258    5.700    5.234    5.096    5.577    4.984    5.072    5.407    5.467    5.639    5.188    5.419    5.483    5.517    5.329    5.749    5.250    5.473    5.418    5.350    5.196    4.839    5.223    4.909    5.089    5.206    5.081    4.972    5.575    5.932    5.030    4.826    5.218    5.416    5.282    4.912    5.584    5.161    5.567    5.280    4.922    4.947    5.107    5.213    5.803    5.503    5.974    5.428    5.033    5.652    5.389    4.709    5.436    5.541    5.053    5.450    5.519    5.117    5.382    6.066    5.341    5.164    5.555    5.208    5.337    5.310    5.950    5.039    5.166    5.402    5.457    5.161    5.463    5.199    5.127    5.402    5.214    5.069    5.499    5.500    4.970    5.008    5.329    5.267    5.351    4.964    5.145    4.904    5.201    4.737    4.892    5.161    5.189    4.923    5.257    4.920    5.160    5.293    5.801    4.920    5.210    5.029    4.639    4.976    5.335    5.567    4.782    4.959    4.957    5.083    4.513    5.451    4.909    5.169    4.773    5.208    4.812    4.802    5.056    5.093    4.761    5.120    4.873    5.210    4.995    4.242    4.543    4.751    4.730    4.494    5.087    4.803    4.597    4.483    4.877    4.670    4.785    4.770    4.615    4.529    4.835    4.725    4.921    4.920    4.824    4.701    5.394    4.534    4.740    5.028    4.460    4.917    4.370    4.818    4.991    4.777    4.211    3.719    5.038 
DATE 2017:115:19:13:02 obsn  16 az 307 el 15 freq_MHz  1424.0000 Tsys 158.644 Tant 316.892 vlsr  -33.09 glat  0.880 glon 76.965 azoff 0.00 eloff 0.00 source CygnusX 
Fstart 1422.997 fstop 1425.003 spacing 0.009375 bw    2.400 fbw    2.000 MHz nfreq 256 nsam 5242880 npoint 214 integ   175 sigma    0.248 bsw 18
Spectrum    160 integration periods
   5.601    5.474    5.723    5.161    5.618    4.976    5.800    4.340    5.793    5.699    5.238    5.428    5.261    5.561    5.731    5.483    5.882    5.730    5.588    6.066    5.564    5.677    5.800    5.251    5.536    5.629    5.204    5.527    5.816    5.572    5.238    5.374    5.918    5.463    5.866    5.655    5.132    5.343    5.825    5.186    5.411    5.191    5.097    5.478    5.178    5.427    5.636    5.629    4.960    5.778    5.819    5.379    5.555    5.081    5.012    5.138    5.783    5.148    4.973    5.441    5.009    5.059    5.306    5.519    5.619    5.133    5.207    5.348    5.449    5.302    5.705    5.205    5.322    5.307    5.272    5.187    4.796    5.132    4.865    5.026    5.042    5.076    4.863    5.562    5.912    5.119    4.643    5.160    5.345    5.297    4.771    5.535    5.201    5.364    5.110    4.929    4.937    4.982    5.162    5.785    5.463    5.873    5.325    5.007    5.675    5.251    4.632    5.437    5.473    5.013    5.363    5.426    5.017    5.335    5.913    5.274    5.245    5.501    5.041    5.212    5.111    5.786    4.976    5.055    5.429    5.428    5.081    5.326    5.190    5.097    5.339    5.208    5.019    5.453    5.330    4.842    4.848    5.195    5.170    5.306    4.831    5.134    4.922    5.155    4.666    4.881    5.169    5.050    4.840    5.102    4.890    5.081    5.200    5.601    4.855    5.149    4.917    4.640    4.848    5.303    5.495    4.695    4.781    4.994    4.882    4.483    5.341    4.823    5.101    4.668    5.090    4.894    4.800    4.995    4.984    4.703    5.079    4.861    4.996    4.843    4.179    4.463    4.677    4.668    4.363    4.832    4.790    4.483    4.336    4.858    4.590    4.657    4.635    4.534    4.474    4.879    4.713    4.805    4.878    4.762    4.594    5.315    4.439    4.594    4.976    4.383    4.846    4.347    4.729    4.896    4.638    4.078    3.550    4.818 
DATE 2017:115:19:13:23 obsn  17 az 302 el 15 freq_MHz  1424.0000 Tsys 158.644 Tant 269.620 vlsr  -33.09 glat  0.880 glon 76.965 azoff -5.18 eloff 0.00 source CygnusX 
Fstart 1422.997 fstop 1425.003 spacing 0.009375 bw    2.400 fbw    2.000 MHz nfreq 256 nsam 5242880 npoint 214 integ   186 sigma    0.240 bsw 19
Spectrum    170 integration periods
   5.795    5.723    5.936    5.338    5.845    5.329    6.028    4.663    5.934    5.982    5.591    5.634    5.551    5.766    6.065    5.810    6.155    5.906    5.895    6.249    5.760    5.820    6.142    5.530    5.849    5.816    5.396    5.816    6.115    5.856    5.496    5.626    6.054    5.728    6.117    5.949    5.253    5.652    6.108    5.544    5.807    5.438    5.360    5.696    5.444    5.642    5.819    5.864    5.186    5.985    5.988    5.619    5.829    5.292    5.201    5.404    5.940    5.276    5.238    5.600    5.244    5.283    5.605    5.771    5.833    5.367    5.511    5.505    5.580    5.610    5.906    5.447    5.488    5.662    5.388    5.419    5.093    5.376    5.098    5.244    5.189    5.306    5.112    5.813    6.241    5.366    4.874    5.461    5.585    5.549    4.893    5.744    5.514    5.643    5.323    5.228    5.166    5.218    5.351    5.987    5.802    6.105    5.626    5.315    5.867    5.600    4.810    5.682    5.589    5.309    5.690    5.660    5.272    5.581    6.121    5.440    5.431    5.706    5.259    5.422    5.419    5.860    5.152    5.252    5.560    5.662    5.255    5.572    5.574    5.335    5.538    5.406    5.200    5.710    5.574    5.192    5.169    5.474    5.387    5.566    5.016    5.438    5.194    5.355    5.035    5.212    5.389    5.363    5.094    5.413    5.219    5.340    5.426    5.898    5.196    5.408    5.109    4.847    5.142    5.610    5.782    5.029    5.121    5.313    5.209    4.792    5.658    5.216    5.394    4.946    5.362    5.207    5.138    5.271    5.330    5.029    5.341    5.202    5.302    5.137    4.459    4.710    5.022    5.027    4.691    5.098    5.106    4.705    4.695    5.247    4.737    4.992    4.935    4.795    4.758    5.177    5.005    5.119    5.098    4.965    4.879    5.571    4.785    4.932    5.216    4.592    5.063    4.630    4.941    5.174    4.896    4.432    3.881    5.142 
DATE 2017:115:19:13:44 obsn  18 az 307 el 15 freq_MHz  1424.0000 Tsys 158.644 Tant 319.144 vlsr  -33.09 glat  0.880 glon 76.965 azoff 0.00 eloff 0.00 source CygnusX 
Fstart 1422.997 fstop 1425.003 spacing 0.009375 bw    2.400 fbw    2.000 MHz nfreq 256 nsam 5242880 npoint 214 integ   197 sigma    0.234 bsw 20
Spectrum    180 integration periods
   5.805    5.796    6.009    5.450    5.944    5.454    6.022    4.626    5.930    5.987    5.687    5.652    5.614    5.908    6.219    5.877    6.210    6.017    5.937    6.304    5.922    5.845    6.186    5.553    5.960    5.955    5.494    5.782    6.112    5.933    5.596    5.767    6.010    5.702    6.130    6.061    5.340    5.724    6.198    5.657    5.953    5.558    5.373    5.781    5.659    5.671    5.822    5.864    5.223    5.985    5.940    5.671    5.871    5.454    5.274    5.417    6.050    5.329    5.326    5.773    5.347    5.300    5.721    5.917    5.904    5.429    5.610    5.592    5.579    5.661    5.996    5.395    5.553    5.752    5.542    5.439    5.112    5.400    5.268    5.386    5.344    5.302    5.108    5.862    6.245    5.457    4.957    5.542    5.622    5.531    5.019    5.822    5.703    5.651    5.417    5.277    5.237    5.313    5.453    6.013    5.904    6.169    5.715    5.376    5.975    5.731    4.789    5.781    5.618    5.378    5.802    5.713    5.365    5.675    6.148    5.440    5.485    5.787    5.319    5.502    5.473    5.865    5.156    5.305    5.587    5.761    5.313    5.617    5.588    5.418    5.587    5.404    5.274    5.779    5.674    5.255    5.312    5.552    5.513    5.705    5.223    5.569    5.298    5.491    5.103    5.166    5.473    5.543    5.102    5.581    5.270    5.387    5.472    5.929    5.255    5.503    5.146    5.006    5.302    5.693    5.914    4.990    5.169    5.457    5.265    4.867    5.912    5.246    5.473    5.092    5.396    5.231    5.211    5.350    5.436    5.069    5.398    5.313    5.289    5.180    4.618    4.919    4.963    5.096    4.796    4.998    5.169    4.658    4.715    5.247    4.808    5.177    5.000    4.927    4.772    5.253    5.062    5.214    5.110    4.948    4.917    5.651    4.865    4.906    5.203    4.730    5.138    4.703    4.967    5.223    4.949    4.540    4.054    5.231 
DATE 2017:115:19:14:05 obsn  19 az 312 el 15 freq_MHz  1424.0000 Tsys 158.644 Tant 303.042 vlsr  -33.09 glat  0.880 glon 76.965 azoff 5.17 eloff 0.00 source CygnusX 
Fstart 1422.997 fstop 1425.003 spacing 0.009375 bw    2.400 fbw    2.000 MHz nfreq 256 nsam 5242880 npoint 214 integ   208 sigma    0.227 bsw 21
Spectrum    190 integration periods
   5.731    5.710    5.960    5.450    5.897    5.348    6.013    4.522    6.002    5.862    5.590    5.659    5.520    5.722    6.053    5.804    6.144    5.927    5.826    6.269    5.875    5.825    6.058    5.552    5.848    5.802    5.464    5.773    6.096    5.892    5.501    5.639    5.939    5.639    6.010    5.935    5.278    5.649    6.049    5.638    5.879    5.583    5.305    5.743    5.651    5.590    5.697    5.757    5.250    5.920    5.986    5.602    5.812    5.381    5.189    5.353    5.925    5.171    5.244    5.670    5.229    5.177    5.757    5.894    5.918    5.458    5.594    5.596    5.506    5.561    5.975    5.332    5.520    5.675    5.561    5.446    5.068    5.287    5.072    5.416    5.286    5.273    5.090    5.724    6.121    5.452    5.069    5.512    5.693    5.522    5.061    5.815    5.704    5.702    5.406    5.272    5.303    5.237    5.443    6.009    5.857    6.150    5.766    5.359    6.063    5.689    4.823    5.836    5.566    5.418    5.698    5.760    5.407    5.747    6.072    5.443    5.518    5.775    5.348    5.536    5.450    5.819    5.212    5.343    5.632    5.713    5.317    5.717    5.611    5.442    5.603    5.419    5.315    5.710    5.621    5.271    5.361    5.514    5.535    5.705    5.241    5.552    5.342    5.465    5.161    5.244    5.394    5.514    5.003    5.593    5.137    5.412    5.440    5.887    5.187    5.573    5.072    5.044    5.357    5.693    5.858    4.918    5.123    5.449    5.233    4.709    5.918    5.228    5.503    5.167    5.430    5.251    5.273    5.299    5.379    5.079    5.397    5.265    5.316    5.115    4.626    4.926    4.923    5.073    4.753    5.017    5.137    4.626    4.862    5.211    4.764    5.163    4.989    4.796    4.736    5.204    5.129    5.167    4.994    5.008    4.948    5.729    4.941    5.008    5.141    4.736    5.114    4.707    4.929    5.170    4.932    4.555    4.053    5.264 
DATE 2017:115:19:14:26 obsn  20 az 307 el 15 freq_MHz  1424.0000 Tsys 158.644 Tant 317.640 vlsr  -33.09 glat  0.880 glon 76.965 azoff 0.00 eloff 0.00 source CygnusX 
Fstart 1422.997 fstop 1425.003 spacing 0.009375 bw    2.400 fbw    2.000 MHz nfreq 256 nsam 5242880 npoint 214 integ   218 sigma    0.222 bsw 22
Spectrum    200 integration periods
   5.736    5.743    5.882    5.458    5.810    5.330    5.933    4.407    5.941    5.866    5.606    5.713    5.478    5.764    5.904    5.778    6.109    5.778    5.755    6.210    5.811    5.851    5.968    5.548    5.683    5.723    5.431    5.649    5.992    5.784    5.453    5.557    5.801    5.578    5.927    5.811    5.262    5.523    5.931    5.529    5.857    5.602    5.259    5.657    5.635    5.510    5.634    5.634    5.281    5.845    5.896    5.530    5.749    5.360    5.139    5.281    5.888    5.188    5.183    5.633    5.253    5.231    5.737    5.843    5.795    5.405    5.517    5.576    5.471    5.404    5.884    5.239    5.452    5.551    5.508    5.386    4.950    5.298    4.994    5.379    5.240    5.128    5.122    5.613    6.110    5.402    5.023    5.451    5.650    5.466    5.107    5.720    5.516    5.714    5.410    5.206    5.149    5.225    5.367    5.957    5.698    6.070    5.702    5.264    5.971    5.765    4.792    5.793    5.573    5.385    5.698    5.660    5.369    5.750    5.932    5.387    5.489    5.728    5.269    5.436    5.424    5.722    5.184    5.316    5.594    5.692    5.278    5.620    5.598    5.438    5.550    5.277    5.258    5.602    5.553    5.306    5.240    5.368    5.446    5.606    5.197    5.613    5.250    5.425    5.083    5.160    5.314    5.397    4.971    5.559    5.086    5.329    5.339    5.815    5.077    5.420    5.020    4.986    5.326    5.651    5.726    4.854    5.151    5.411    5.193    4.687    5.767    5.246    5.408    5.162    5.332    5.218    5.274    5.287    5.303    5.060    5.249    5.230    5.182    4.984    4.602    4.836    4.917    5.090    4.748    4.919    4.960    4.580    4.794    5.109    4.664    5.124    4.926    4.758    4.716    5.092    5.001    5.092    4.843    4.965    4.864    5.551    4.842    4.988    5.136    4.758    5.003    4.589    4.889    5.069    4.842    4.628    3.959    5.170 
DATE 2017:115:19:14:48 obsn  21 az 302 el 15 freq_MHz  1424.0000 Tsys 158.644 Tant 305.992 vlsr  -33.09 glat  0.880 glon 76.965 azoff -5.17 eloff 0.00 source CygnusX 
Fstart 1422.997 fstop 1425.003 spacing 0.009375 bw    2.400 fbw    2.000 MHz nfreq 256 nsam 5242880 npoint 214 integ   229 sigma    0.216 bsw 23
Spectrum    210 integration periods
   5.687    5.627    5.761    5.392    5.707    5.271    5.839    4.377    5.803    5.692    5.503    5.623    5.408    5.714    5.862    5.651    6.033    5.618    5.619    6.058    5.639    5.683    5.890    5.417    5.571    5.586    5.249    5.555    5.846    5.663    5.344    5.517    5.652    5.503    5.839    5.706    5.180    5.522    5.783    5.407    5.713    5.550    5.174    5.552    5.444    5.418    5.603    5.475    5.142    5.741    5.818    5.469    5.634    5.249    5.078    5.157    5.792    5.106    5.060    5.578    5.210    5.092    5.622    5.644    5.674    5.290    5.336    5.439    5.277    5.285    5.683    5.144    5.298    5.452    5.343    5.277    4.849    5.123    4.950    5.329    5.156    5.047    5.012    5.520    5.901    5.274    4.939    5.288    5.659    5.375    5.039    5.554    5.467    5.513    5.240    5.164    4.984    5.190    5.195    5.877    5.581    5.903    5.455    5.134    5.830    5.604    4.595    5.641    5.474    5.209    5.579    5.500    5.243    5.569    5.701    5.302    5.367    5.611    5.196    5.267    5.223    5.609    5.035    5.151    5.442    5.580    5.184    5.519    5.380    5.280    5.378    5.126    5.227    5.454    5.449    5.223    5.129    5.265    5.336    5.419    5.136    5.546    5.136    5.270    4.910    5.008    5.277    5.256    4.867    5.442    4.970    5.268    5.241    5.596    5.073    5.310    4.915    4.905    5.154    5.537    5.568    4.660    5.042    5.259    5.071    4.570    5.616    5.145    5.296    5.055    5.195    5.134    5.071    5.028    5.142    4.878    5.046    5.073    5.068    4.808    4.525    4.726    4.774    5.026    4.663    4.760    4.856    4.454    4.670    4.977    4.507    5.000    4.747    4.619    4.593    4.915    4.863    5.011    4.752    4.855    4.659    5.411    4.711    4.820    5.036    4.526    4.868    4.412    4.723    4.899    4.728    4.482    3.779    5.013 
DATE 2017:115:19:15:09 obsn  22 az 307 el 15 freq_MHz  1424.0000 Tsys 158.644 Tant 317.369 vlsr  -33.09 glat  0.880 glon 76.965 azoff 0.00 eloff 0.00 source CygnusX 
Fstart 1422.997 fstop 1425.003 spacing 0.009375 bw    2.400 fbw    2.000 MHz nfreq 256 nsam 5242880 npoint 214 integ   240 sigma    0.211 bsw 24
Spectrum    220 integration periods
   5.647    5.610    5.694    5.314    5.576    5.258    5.771    4.315    5.817    5.615    5.447    5.628    5.385    5.644    5.743    5.637    6.000    5.583    5.563    5.933    5.567    5.626    5.803    5.275    5.502    5.603    5.168    5.510    5.741    5.576    5.360    5.493    5.637    5.487    5.801    5.652    5.126    5.513    5.670    5.271    5.721    5.507    5.072    5.590    5.419    5.367    5.567    5.477    5.067    5.686    5.677    5.461    5.543    5.163    5.094    5.163    5.665    5.014    5.073    5.494    5.114    4.982    5.579    5.564    5.526    5.180    5.291    5.404    5.245    5.269    5.602    5.066    5.219    5.503    5.336    5.240    4.782    5.152    4.931    5.262    5.074    5.029    4.967    5.461    5.879    5.208    4.863    5.194    5.557    5.266    5.000    5.494    5.370    5.375    5.165    5.116    4.963    5.118    5.172    5.783    5.457    5.896    5.364    5.109    5.755    5.547    4.611    5.491    5.439    5.148    5.500    5.413    5.261    5.442    5.608    5.258    5.338    5.495    5.084    5.187    5.141    5.503    5.019    5.072    5.314    5.410    5.148    5.481    5.342    5.265    5.292    5.073    5.166    5.356    5.371    5.100    5.059    5.184    5.269    5.376    5.148    5.555    5.065    5.166    4.888    4.971    5.228    5.258    4.789    5.326    4.905    5.161    5.152    5.463    4.991    5.264    4.867    4.918    5.144    5.524    5.512    4.686    4.932    5.167    5.066    4.528    5.516    5.088    5.264    4.996    5.008    5.072    4.975    4.911    5.039    4.812    5.038    4.964    5.041    4.733    4.478    4.798    4.742    4.975    4.703    4.750    4.736    4.444    4.585    4.894    4.487    4.963    4.700    4.577    4.571    4.840    4.799    4.883    4.575    4.842    4.685    5.386    4.720    4.637    4.959    4.419    4.701    4.348    4.699    4.903    4.718    4.506    3.821    4.971 
DATE 2017:115:19:15:38 obsn  23 az 313 el 15 freq_MHz  1424.0000 Tsys 158.644 Tant 298.304 vlsr  -33.09 glat  0.880 glon 76.965 azoff 5.17 eloff 0.00 source CygnusX 
Fstart 1422.997 fstop 1425.003 spacing 0.009375 bw    2.400 fbw    2.000 MHz nfreq 256 nsam 5242880 npoint 214 integ   251 sigma    0.207 bsw 25
Spectrum    230 integration periods
   5.699    5.607    5.643    5.311    5.604    5.282    5.648    4.185    5.848    5.573    5.476    5.588    5.445    5.719    5.722    5.662    5.961    5.538    5.546    5.896    5.553    5.617    5.721    5.315    5.553    5.651    5.231    5.561    5.771    5.556    5.414    5.400    5.564    5.473    5.809    5.666    5.179    5.540    5.643    5.261    5.703    5.502    5.114    5.643    5.388    5.478    5.561    5.492    5.120    5.766    5.685    5.420    5.565    5.160    5.107    5.181    5.660    5.057    5.062    5.488    5.055    4.950    5.599    5.593    5.584    5.222    5.287    5.403    5.324    5.288    5.590    5.080    5.260    5.563    5.360    5.319    4.804    5.189    4.934    5.352    5.063    5.121    5.071    5.451    5.871    5.189    4.881    5.228    5.529    5.312    4.977    5.590    5.366    5.381    5.237    5.182    5.015    5.156    5.273    5.806    5.535    5.905    5.467    5.222    5.794    5.605    4.725    5.605    5.467    5.170    5.518    5.489    5.280    5.467    5.750    5.379    5.413    5.540    5.106    5.316    5.216    5.571    5.086    5.197    5.364    5.436    5.152    5.583    5.416    5.359    5.372    5.187    5.279    5.430    5.447    5.139    5.128    5.262    5.254    5.509    5.264    5.585    5.104    5.258    5.015    5.081    5.245    5.321    4.863    5.366    4.963    5.239    5.230    5.584    5.133    5.316    4.891    5.010    5.239    5.621    5.498    4.778    4.973    5.259    5.125    4.615    5.565    5.144    5.328    5.076    5.050    5.180    5.072    4.985    5.196    4.862    5.085    5.040    5.085    4.837    4.505    4.812    4.815    5.051    4.698    4.788    4.837    4.555    4.684    4.978    4.578    5.004    4.813    4.629    4.644    4.933    4.883    4.986    4.627    4.896    4.837    5.411    4.826    4.748    5.006    4.553    4.743    4.457    4.770    4.941    4.788    4.626    3.932    5.066 
DATE 2017:115:19:15:59 obsn  24 az 307 el 15 freq_MHz  1424.0000 Tsys 158.644 Tant 313.841 vlsr  -33.09 glat  0.880 glon 76.965 azoff 0.00 eloff 0.00 source CygnusX 
Fstart 1422.997 fstop 1425.003 spacing 0.009375 bw    2.400 fbw    2.000 MHz nfreq 256 nsam 5242880 npoint 214 integ   262 sigma    0.202 bsw 26
Spectrum    240 integration periods
   5.653    5.464    5.613    5.336    5.623    5.296    5.581    4.154    5.784    5.562    5.441    5.535    5.462    5.614    5.616    5.670    5.923    5.505    5.500    5.826    5.533    5.625    5.737    5.278    5.505    5.661    5.227    5.534    5.725    5.507    5.402    5.388    5.525    5.413    5.749    5.588    5.147    5.497    5.609    5.248    5.663    5.540    5.123    5.535    5.401    5.367    5.557    5.482    5.092    5.737    5.626    5.318    5.547    5.075    4.970    5.176    5.597    5.063    4.946    5.390    5.009    4.966    5.504    5.537    5.469    5.090    5.289    5.318    5.267    5.203    5.539    5.119    5.168    5.483    5.344    5.262    4.777    5.154    4.870    5.273    5.030    5.022    5.069    5.419    5.741    5.168    4.857    5.190    5.467    5.240    4.904    5.506    5.256    5.382    5.160    5.091    4.917    5.154    5.225    5.699    5.521    5.804    5.415    5.137    5.728    5.599    4.703    5.488    5.352    5.142    5.443    5.458    5.162    5.408    5.615    5.257    5.386    5.443    5.056    5.233    5.142    5.576    5.087    5.120    5.279    5.335    5.028    5.535    5.348    5.301    5.287    5.107    5.213    5.244    5.328    5.028    5.012    5.200    5.153    5.506    5.215    5.417    5.088    5.261    4.905    5.032    5.144    5.223    4.835    5.244    4.854    5.158    5.108    5.464    5.022    5.249    4.799    4.996    5.115    5.555    5.412    4.726    4.952    5.277    5.042    4.589    5.557    5.086    5.297    4.973    4.967    5.110    4.991    4.930    5.251    4.857    5.010    5.007    4.978    4.795    4.458    4.753    4.752    4.965    4.714    4.635    4.777    4.578    4.605    4.904    4.522    4.954    4.802    4.585    4.602    4.858    4.831    4.884    4.570    4.775    4.804    5.322    4.679    4.657    4.871    4.434    4.757    4.396    4.680    4.921    4.773    4.508    3.874    4.992 
DATE 2017:115:19:16:20 obsn  25 az 302 el 15 freq_MHz  1424.0000 Tsys 158.644 Tant 306.572 vlsr  -33.09 glat  0.880 glon 76.965 azoff -5.17 eloff 0.00 source CygnusX 
Fstart 1422.997 fstop 1425.003 spacing 0.009375 bw    2.400 fbw    2.000 MHz nfreq 256 nsam 5242880 npoint 214 integ   273 sigma    0.198 bsw 27
Spectrum    250 integration periods
   5.590    5.441    5.610    5.263    5.535    5.222    5.493    4.116    5.714    5.572    5.443    5.515    5.371    5.525    5.539    5.574    5.902    5.444    5.404    5.779    5.439    5.628    5.674    5.284    5.444    5.602    5.100    5.512    5.687    5.488    5.412    5.312    5.548    5.397    5.676    5.412    5.065    5.422    5.586    5.202    5.573    5.389    5.103    5.517    5.344    5.318    5.596    5.438    5.027    5.635    5.598    5.300    5.482    5.109    4.912    5.080    5.578    5.082    4.860    5.316    4.947    4.876    5.480    5.490    5.358    5.132    5.213    5.287    5.249    5.092    5.443    5.027    5.012    5.377    5.183    5.219    4.712    5.076    4.866    5.204    4.950    4.970    4.999    5.392    5.620    5.112    4.863    5.083    5.375    5.165    4.925    5.453    5.181    5.299    5.118    4.989    4.836    5.018    5.122    5.595    5.442    5.694    5.411    5.063    5.602    5.444    4.619    5.349    5.306    5.009    5.256    5.413    5.063    5.286    5.425    5.201    5.233    5.385    4.977    5.120    5.034    5.505    4.998    5.002    5.203    5.250    4.945    5.346    5.220    5.170    5.178    5.015    5.123    5.184    5.284    4.981    4.912    5.065    5.059    5.364    5.115    5.319    5.015    5.151    4.807    4.972    5.040    5.163    4.843    5.158    4.817    5.128    4.982    5.395    4.922    5.168    4.770    4.965    4.990    5.434    5.242    4.609    4.878    5.195    4.939    4.498    5.425    5.057    5.254    4.986    4.895    5.090    4.932    4.814    5.133    4.787    4.932    4.885    4.873    4.776    4.404    4.653    4.696    4.893    4.630    4.558    4.687    4.478    4.609    4.798    4.415    4.802    4.738    4.573    4.475    4.741    4.820    4.770    4.436    4.721    4.691    5.195    4.537    4.505    4.819    4.315    4.660    4.270    4.542    4.844    4.735    4.477    3.813    4.883 
DATE 2017:115:19:16:57 obsn  26 az 308 el 14 freq_MHz  1424.0000 Tsys 158.644 Tant 324.060 vlsr  -33.09 glat  0.880 glon 76.965 azoff 0.00 eloff 0.00 source CygnusX 
Fstart 1422.997 fstop 1425.003 spacing 0.009375 bw    2.400 fbw    2.000 MHz nfreq 256 nsam 5242880 npoint 214 integ   284 sigma    0.194 bsw 28
Spectrum    260 integration periods
   5.644    5.543    5.614    5.340    5.530    5.283    5.484    4.104    5.754    5.603    5.438    5.545    5.464    5.581    5.531    5.641    5.938    5.480    5.499    5.833    5.403    5.652    5.697    5.379    5.537    5.658    5.158    5.547    5.756    5.454    5.434    5.359    5.649    5.409    5.680    5.464    5.047    5.510    5.612    5.288    5.644    5.430    5.211    5.545    5.451    5.351    5.616    5.514    5.080    5.634    5.622    5.372    5.507    5.156    4.953    5.113    5.687    5.155    4.945    5.354    4.974    4.932    5.571    5.528    5.410    5.166    5.206    5.393    5.297    5.187    5.500    5.031    5.094    5.385    5.236    5.232    4.736    5.102    4.946    5.267    5.005    4.989    5.048    5.415    5.607    5.159    4.871    5.163    5.389    5.217    5.003    5.451    5.232    5.373    5.162    5.064    4.885    5.070    5.141    5.587    5.493    5.754    5.456    5.080    5.689    5.422    4.594    5.421    5.392    5.085    5.277    5.486    5.147    5.355    5.352    5.221    5.317    5.465    5.040    5.143    5.056    5.559    5.045    5.001    5.185    5.348    4.924    5.396    5.255    5.193    5.200    5.056    5.180    5.228    5.297    5.032    4.956    5.269    5.093    5.340    5.129    5.369    5.070    5.219    4.894    5.068    5.110    5.154    4.874    5.293    4.853    5.163    5.152    5.413    4.959    5.221    4.833    5.031    5.022    5.480    5.255    4.691    4.955    5.269    4.932    4.565    5.510    5.089    5.412    5.114    4.950    5.130    5.023    4.849    5.287    4.902    5.019    4.965    4.954    4.952    4.484    4.685    4.770    5.018    4.678    4.701    4.753    4.550    4.709    4.892    4.468    4.912    4.752    4.700    4.566    4.842    4.975    4.775    4.481    4.764    4.801    5.262    4.643    4.655    4.949    4.458    4.712    4.408    4.601    4.907    4.768    4.499    3.856    4.944 
DATE 2017:115:19:17:19 obsn  27 az 313 el 14 freq_MHz  1424.0000 Tsys 158.644 Tant 310.303 vlsr  -33.09 glat  0.880 glon 76.965 azoff 5.16 eloff 0.00 source CygnusX 
Fstart 1422.997 fstop 1425.003 spacing 0.009375 bw    2.400 fbw    2.000 MHz nfreq 256 nsam 5242880 npoint 214 integ   295 sigma    0.191 bsw 29
Spectrum    270 integration periods
   5.600    5.453    5.555    5.309    5.440    5.231    5.424    3.991    5.674    5.437    5.361    5.466    5.387    5.587    5.468    5.563    5.914    5.464    5.463    5.782    5.326    5.582    5.623    5.377    5.483    5.627    5.113    5.476    5.691    5.364    5.319    5.357    5.570    5.377    5.641    5.422    5.037    5.414    5.599    5.187    5.536    5.359    5.149    5.512    5.423    5.307    5.560    5.485    5.097    5.624    5.578    5.273    5.453    5.085    4.969    5.064    5.646    5.097    4.945    5.242    4.902    4.897    5.538    5.501    5.351    5.120    5.189    5.374    5.231    5.177    5.426    4.961    5.121    5.343    5.224    5.197    4.678    5.081    4.891    5.305    4.998    4.940    4.999    5.379    5.547    5.142    4.836    5.188    5.352    5.196    5.016    5.445    5.290    5.346    5.155    5.011    4.910    5.022    5.076    5.602    5.508    5.673    5.442    5.025    5.693    5.437    4.551    5.414    5.416    5.070    5.239    5.501    5.090    5.369    5.426    5.238    5.289    5.373    5.013    5.108    5.087    5.526    5.020    5.071    5.193    5.311    4.892    5.439    5.218    5.181    5.205    5.061    5.211    5.282    5.308    5.062    4.956    5.217    5.124    5.322    5.079    5.349    5.091    5.218    4.927    5.026    5.146    5.200    4.880    5.319    4.907    5.087    5.164    5.371    4.942    5.141    4.817    5.019    5.055    5.500    5.208    4.716    4.923    5.220    4.938    4.569    5.545    5.107    5.417    5.014    4.982    5.077    4.969    4.826    5.262    4.912    4.976    4.979    4.955    4.917    4.441    4.677    4.772    4.922    4.688    4.736    4.785    4.542    4.746    4.935    4.480    4.966    4.708    4.672    4.633    4.842    5.010    4.777    4.463    4.727    4.829    5.223    4.663    4.678    4.974    4.473    4.787    4.446    4.590    4.867    4.770    4.436    3.890    4.894 
DATE 2017:115:19:17:40 obsn  28 az 308 el 14 freq_MHz  1424.0000 Tsys 158.644 Tant 319.272 vlsr  -33.09 glat  0.880 glon 76.965 azoff 0.00 eloff 0.00 source CygnusX 
Fstart 1422.997 fstop 1425.003 spacing 0.009375 bw    2.400 fbw    2.000 MHz nfreq 256 nsam 5242880 npoint 214 integ   306 sigma    0.187 bsw 30
Spectrum    280 integration periods
   5.578    5.455    5.510    5.374    5.481    5.237    5.464    3.962    5.707    5.465    5.369    5.466    5.436    5.624    5.493    5.565    5.927    5.502    5.480    5.804    5.382    5.626    5.644    5.477    5.576    5.684    5.158    5.426    5.672    5.363    5.402    5.356    5.581    5.388    5.639    5.457    5.015    5.364    5.619    5.234    5.534    5.378    5.149    5.530    5.505    5.337    5.551    5.474    5.116    5.624    5.633    5.351    5.517    5.092    5.007    5.124    5.697    5.142    4.986    5.307    4.977    4.973    5.496    5.545    5.398    5.179    5.208    5.399    5.305    5.229    5.447    5.002    5.125    5.439    5.276    5.267    4.716    5.126    4.902    5.339    5.019    4.966    4.963    5.438    5.534    5.154    4.904    5.212    5.390    5.241    5.124    5.515    5.373    5.341    5.206    5.067    4.995    5.099    5.185    5.667    5.601    5.654    5.499    5.027    5.625    5.404    4.609    5.448    5.383    5.122    5.222    5.538    5.137    5.403    5.446    5.311    5.379    5.460    5.063    5.170    5.154    5.610    5.024    5.161    5.285    5.387    4.844    5.467    5.267    5.239    5.223    5.093    5.197    5.323    5.369    5.060    4.978    5.339    5.137    5.331    5.189    5.393    5.144    5.240    5.003    5.094    5.186    5.220    4.942    5.335    4.983    5.096    5.196    5.456    5.014    5.244    4.958    5.079    5.152    5.524    5.198    4.869    4.963    5.284    5.008    4.576    5.583    5.233    5.427    5.040    5.014    5.067    4.968    4.852    5.288    4.976    5.022    5.029    4.999    4.960    4.493    4.680    4.810    4.969    4.822    4.808    4.855    4.582    4.789    4.928    4.559    5.038    4.798    4.729    4.769    4.912    5.060    4.874    4.584    4.839    4.935    5.315    4.694    4.728    5.019    4.599    4.854    4.513    4.721    4.879    4.804    4.487    3.978    4.927 
DATE 2017:115:19:18:01 obsn  29 az 302 el 14 freq_MHz  1424.0000 Tsys 158.644 Tant 311.247 vlsr  -33.09 glat  0.880 glon 76.965 azoff -5.16 eloff 0.00 source CygnusX 
Fstart 1422.997 fstop 1425.003 spacing 0.009375 bw    2.400 fbw    2.000 MHz nfreq 256 nsam 5242880 npoint 214 integ   317 sigma    0.184 bsw 31
Spectrum    290 integration periods
   5.429    5.307    5.353    5.175    5.292    5.061    5.291    3.773    5.503    5.249    5.149    5.247    5.250    5.446    5.396    5.399    5.645    5.370    5.361    5.645    5.198    5.451    5.524    5.327    5.384    5.430    4.977    5.258    5.489    5.143    5.273    5.156    5.378    5.249    5.432    5.250    4.846    5.154    5.384    5.060    5.357    5.184    5.017    5.364    5.377    5.144    5.385    5.300    4.992    5.406    5.415    5.102    5.340    4.887    4.778    4.894    5.515    4.957    4.851    5.072    4.832    4.810    5.292    5.327    5.210    4.992    4.949    5.186    5.133    5.019    5.272    4.810    4.997    5.234    5.126    5.099    4.534    4.928    4.772    5.187    4.851    4.713    4.761    5.210    5.385    4.958    4.745    5.038    5.200    5.050    4.876    5.318    5.131    5.150    5.013    4.861    4.808    4.910    4.981    5.444    5.422    5.429    5.280    4.811    5.379    5.223    4.412    5.214    5.159    4.980    5.030    5.359    4.942    5.150    5.182    5.112    5.191    5.168    4.872    4.909    4.969    5.340    4.777    4.959    5.056    5.179    4.723    5.254    5.025    5.067    5.032    4.936    5.029    5.102    5.121    4.817    4.798    5.140    4.924    5.087    4.980    5.146    4.938    5.020    4.824    4.892    5.010    4.985    4.750    5.113    4.775    4.890    5.036    5.300    4.863    5.085    4.723    4.864    4.912    5.310    4.989    4.673    4.719    5.089    4.787    4.404    5.330    5.072    5.160    4.747    4.754    4.801    4.742    4.615    5.075    4.807    4.755    4.827    4.831    4.799    4.309    4.471    4.603    4.715    4.533    4.593    4.658    4.325    4.527    4.650    4.325    4.805    4.573    4.552    4.575    4.673    4.808    4.659    4.398    4.598    4.770    5.075    4.533    4.519    4.761    4.389    4.605    4.320    4.490    4.714    4.585    4.232    3.765    4.702 
DATE 2017:115:19:18:22 obsn  30 az 308 el 14 freq_MHz  1424.0000 Tsys 158.644 Tant 318.907 vlsr  -33.09 glat  0.880 glon 76.965 azoff 0.00 eloff 0.00 source CygnusX 
Fstart 1422.997 fstop 1425.003 spacing 0.009375 bw    2.400 fbw    2.000 MHz nfreq 256 nsam 5242880 npoint 214 integ   328 sigma    0.181 bsw 32
Spectrum    300 integration periods
   5.411    5.335    5.370    5.171    5.350    5.141    5.296    3.817    5.493    5.226    5.206    5.247    5.254    5.451    5.384    5.392    5.712    5.343    5.429    5.658    5.219    5.482    5.533    5.327    5.427    5.447    5.001    5.310    5.526    5.185    5.315    5.223    5.403    5.300    5.470    5.263    4.921    5.228    5.390    5.130    5.352    5.231    5.043    5.361    5.447    5.200    5.490    5.312    4.957    5.435    5.410    5.130    5.423    4.986    4.833    4.952    5.535    4.972    4.883    5.123    4.888    4.874    5.344    5.430    5.226    4.992    4.989    5.252    5.164    5.035    5.239    4.846    5.085    5.203    5.084    5.144    4.568    4.963    4.812    5.194    4.896    4.770    4.787    5.244    5.420    4.983    4.818    5.034    5.245    5.049    4.902    5.361    5.110    5.254    5.085    4.885    4.759    4.942    5.000    5.466    5.481    5.471    5.353    4.886    5.453    5.219    4.413    5.275    5.151    5.038    5.038    5.339    4.993    5.227    5.223    5.174    5.214    5.195    4.936    4.965    4.948    5.410    4.820    4.969    5.096    5.163    4.713    5.270    5.065    5.124    5.034    4.990    5.099    5.077    5.170    4.824    4.821    5.109    4.982    5.113    5.044    5.169    5.025    5.043    4.895    4.934    5.095    5.044    4.770    5.196    4.797    4.964    5.087    5.319    4.944    5.169    4.813    4.868    5.024    5.368    5.033    4.767    4.788    5.149    4.856    4.500    5.301    5.110    5.150    4.781    4.807    4.822    4.793    4.714    5.105    4.871    4.861    4.889    4.849    4.853    4.389    4.536    4.740    4.857    4.678    4.699    4.723    4.382    4.571    4.710    4.340    4.801    4.649    4.616    4.610    4.700    4.893    4.715    4.451    4.638    4.881    5.126    4.574    4.642    4.848    4.468    4.681    4.381    4.512    4.813    4.657    4.312    3.895    4.744 
DATE 2017:115:19:18:43 obsn  31 az 313 el 14 freq_MHz  1424.0000 Tsys 158.644 Tant 305.892 vlsr  -33.09 glat  0.880 glon 76.965 azoff 5.16 eloff 0.00 source CygnusX 
Fstart 1422.997 fstop 1425.003 spacing 0.009375 bw    2.400 fbw    2.000 MHz nfreq 256 nsam 5242880 npoint 214 integ   339 sigma    0.178 bsw 33
Spectrum    310 integration periods
   5.324    5.313    5.322    5.070    5.255    5.025    5.173    3.731    5.404    5.142    5.123    5.182    5.109    5.332    5.333    5.306    5.617    5.166    5.272    5.534    5.098    5.405    5.415    5.228    5.289    5.345    4.882    5.238    5.450    5.093    5.214    5.125    5.309    5.246    5.369    5.170    4.902    5.134    5.250    5.056    5.250    5.160    4.960    5.205    5.311    5.130    5.427    5.232    4.901    5.373    5.340    5.064    5.376    4.892    4.747    4.836    5.354    4.852    4.827    5.023    4.824    4.765    5.254    5.328    5.166    4.930    4.908    5.153    5.101    4.925    5.129    4.747    4.962    5.082    5.035    5.077    4.475    4.893    4.648    5.126    4.846    4.644    4.678    5.151    5.305    4.901    4.773    4.961    5.157    4.971    4.833    5.302    5.039    5.173    5.010    4.813    4.636    4.879    4.905    5.432    5.354    5.413    5.357    4.889    5.334    5.130    4.377    5.213    5.058    4.939    4.952    5.340    4.942    5.127    5.133    5.063    5.144    5.078    4.913    4.921    4.921    5.341    4.753    4.941    5.057    5.150    4.672    5.249    4.982    5.123    5.027    4.989    5.079    5.039    5.107    4.766    4.726    5.067    4.925    5.070    4.977    5.081    4.871    4.999    4.776    4.863    5.035    4.954    4.750    5.141    4.782    4.878    4.976    5.218    4.855    5.052    4.748    4.810    4.960    5.308    4.939    4.798    4.768    5.097    4.816    4.483    5.266    5.153    5.074    4.712    4.730    4.776    4.723    4.704    4.996    4.846    4.810    4.763    4.744    4.795    4.364    4.470    4.688    4.816    4.550    4.557    4.674    4.294    4.499    4.633    4.242    4.738    4.555    4.578    4.524    4.573    4.833    4.687    4.410    4.586    4.822    5.044    4.472    4.502    4.808    4.361    4.577    4.265    4.455    4.769    4.634    4.298    3.835    4.645 
DATE 2017:115:19:19:04 obsn  32 az 308 el 14 freq_MHz  1424.0000 Tsys 158.644 Tant 317.000 vlsr  -33.09 glat  0.880 glon 76.965 azoff 0.00 eloff 0.00 source CygnusX 
Fstart 1422.997 fstop 1425.003 spacing 0.009375 bw    2.400 fbw    2.000 MHz nfreq 256 nsam 5242880 npoint 214 integ   350 sigma    0.175 bsw 34
Spectrum    320 integration periods
   5.359    5.405    5.355    5.079    5.288    5.017    5.204    3.761    5.379    5.179    5.151    5.204    5.169    5.387    5.347    5.320    5.628    5.198    5.335    5.575    5.180    5.410    5.439    5.268    5.356    5.347    4.897    5.243    5.468    5.086    5.257    5.126    5.324    5.286    5.337    5.223    4.942    5.147    5.245    5.042    5.281    5.175    4.988    5.306    5.308    5.144    5.429    5.240    4.922    5.349    5.361    5.046    5.396    4.927    4.755    4.858    5.423    4.844    4.890    5.003    4.894    4.767    5.247    5.316    5.165    4.963    5.016    5.186    5.149    4.918    5.132    4.802    4.982    5.113    5.098    5.077    4.481    4.962    4.687    5.159    4.880    4.710    4.730    5.178    5.236    4.903    4.812    4.977    5.175    4.951    4.890    5.267    5.071    5.193    5.001    4.832    4.634    4.924    4.974    5.457    5.414    5.431    5.352    4.924    5.412    5.165    4.429    5.266    5.124    4.996    4.996    5.453    5.003    5.119    5.180    5.087    5.137    5.106    4.961    4.951    4.993    5.331    4.799    5.004    5.109    5.213    4.707    5.192    5.042    5.193    5.084    5.102    5.202    5.086    5.168    4.770    4.716    5.127    4.969    5.098    5.025    5.101    4.954    5.070    4.755    4.847    5.066    4.946    4.796    5.198    4.876    4.948    5.021    5.273    4.908    5.083    4.841    4.833    5.007    5.322    5.016    4.858    4.831    5.123    4.828    4.579    5.313    5.217    5.131    4.770    4.763    4.791    4.751    4.696    5.013    4.834    4.872    4.873    4.825    4.845    4.445    4.504    4.751    4.923    4.620    4.650    4.746    4.363    4.577    4.705    4.328    4.791    4.586    4.605    4.549    4.591    4.852    4.816    4.462    4.623    4.860    5.156    4.541    4.556    4.817    4.453    4.672    4.342    4.519    4.828    4.738    4.381    3.851    4.686 
DATE 2017:115:19:19:25 obsn  33 az 303 el 14 freq_MHz  1424.0000 Tsys 158.644 Tant 311.683 vlsr  -33.09 glat  0.880 glon 76.965 azoff -5.15 eloff 0.00 source CygnusX 
Fstart 1422.997 fstop 1425.003 spacing 0.009375 bw    2.400 fbw    2.000 MHz nfreq 256 nsam 5242880 npoint 214 integ   360 sigma    0.173 bsw 35
Spectrum    330 integration periods
   5.202    5.225    5.235    4.916    5.099    4.854    5.053    3.645    5.191    5.061    4.992    5.056    5.058    5.256    5.174    5.123    5.450    5.033    5.263    5.383    4.973    5.294    5.286    5.110    5.202    5.246    4.716    5.121    5.283    4.882    5.121    5.004    5.215    5.076    5.160    5.099    4.795    5.008    5.103    4.863    5.125    5.057    4.833    5.102    5.116    4.919    5.247    5.077    4.697    5.204    5.226    4.893    5.236    4.735    4.627    4.676    5.263    4.696    4.738    4.936    4.736    4.640    5.121    5.153    4.934    4.781    4.876    4.971    5.023    4.740    5.019    4.597    4.813    4.973    5.007    4.913    4.376    4.783    4.596    4.982    4.691    4.576    4.584    5.022    5.116    4.772    4.653    4.823    4.941    4.791    4.741    5.105    4.855    5.073    4.861    4.647    4.478    4.712    4.803    5.259    5.203    5.264    5.212    4.793    5.222    4.980    4.264    5.059    4.916    4.800    4.845    5.277    4.815    4.944    5.006    4.882    4.973    4.941    4.826    4.733    4.790    5.250    4.627    4.839    4.909    5.061    4.490    4.970    4.893    5.042    4.954    4.921    5.028    4.952    5.003    4.582    4.557    4.975    4.755    4.961    4.841    4.903    4.790    4.844    4.553    4.745    4.949    4.782    4.641    5.003    4.697    4.764    4.848    5.098    4.755    4.927    4.687    4.682    4.804    5.138    4.846    4.706    4.683    4.985    4.664    4.395    5.149    5.035    4.996    4.595    4.618    4.634    4.538    4.525    4.755    4.643    4.676    4.725    4.633    4.683    4.292    4.269    4.606    4.804    4.475    4.535    4.586    4.257    4.484    4.486    4.141    4.608    4.406    4.480    4.395    4.405    4.672    4.607    4.268    4.428    4.714    4.917    4.388    4.393    4.634    4.313    4.495    4.163    4.372    4.613    4.548    4.230    3.709    4.499 
DATE 2017:115:19:19:47 obsn  34 az 308 el 14 freq_MHz  1424.0000 Tsys 158.644 Tant 322.065 vlsr  -33.09 glat  0.880 glon 76.965 azoff 0.00 eloff 0.00 source CygnusX 
Fstart 1422.997 fstop 1425.003 spacing 0.009375 bw    2.400 fbw    2.000 MHz nfreq 256 nsam 5242880 npoint 214 integ   371 sigma    0.170 bsw 36
Spectrum    340 integration periods
   5.222    5.267    5.237    4.941    5.113    4.873    5.105    3.680    5.238    5.079    4.997    5.053    5.107    5.267    5.140    5.150    5.462    4.990    5.289    5.368    4.963    5.287    5.261    5.137    5.235    5.274    4.778    5.109    5.314    4.908    5.129    5.030    5.236    5.105    5.162    5.180    4.825    5.003    5.093    4.927    5.142    5.107    4.866    5.113    5.129    4.909    5.264    5.139    4.695    5.261    5.273    4.907    5.288    4.746    4.637    4.716    5.246    4.748    4.718    4.961    4.780    4.709    5.155    5.212    4.954    4.814    4.909    4.995    5.077    4.809    5.059    4.633    4.785    4.985    5.008    4.987    4.457    4.806    4.632    4.990    4.696    4.598    4.587    5.025    5.182    4.827    4.716    4.868    4.992    4.775    4.810    5.133    4.890    5.098    4.934    4.747    4.530    4.775    4.863    5.207    5.207    5.280    5.251    4.809    5.213    5.014    4.313    5.091    4.931    4.862    4.845    5.295    4.865    4.987    5.053    4.903    5.072    4.923    4.853    4.783    4.846    5.239    4.740    4.923    4.996    5.113    4.511    4.980    4.946    5.076    4.983    4.983    5.070    4.970    5.052    4.626    4.600    5.024    4.857    5.002    4.914    5.008    4.836    4.878    4.572    4.771    4.995    4.811    4.699    5.007    4.768    4.782    4.868    5.103    4.793    5.017    4.736    4.766    4.853    5.178    4.884    4.740    4.759    5.093    4.736    4.446    5.221    5.104    5.071    4.636    4.695    4.653    4.552    4.558    4.845    4.709    4.754    4.785    4.733    4.714    4.384    4.348    4.700    4.869    4.584    4.571    4.697    4.315    4.537    4.511    4.171    4.646    4.511    4.581    4.463    4.419    4.679    4.631    4.372    4.480    4.787    4.985    4.412    4.444    4.708    4.369    4.524    4.221    4.412    4.667    4.596    4.309    3.746    4.567 
DATE 2017:115:19:20:08 obsn  35 az 313 el 14 freq_MHz  1424.0000 Tsys 158.644 Tant 303.810 vlsr  -33.09 glat  0.880 glon 76.965 azoff 5.15 eloff 0.00 source CygnusX 
Fstart 1422.997 fstop 1425.003 spacing 0.009375 bw    2.400 fbw    2.000 MHz nfreq 256 nsam 5242880 npoint 214 integ   382 sigma    0.168 bsw 37
Spectrum    350 integration periods
   5.197    5.170    5.166    4.880    5.054    4.827    5.092    3.672    5.171    5.042    4.981    5.026    5.053    5.191    5.038    5.092    5.364    4.912    5.178    5.285    4.848    5.237    5.185    5.089    5.191    5.211    4.756    5.042    5.250    4.837    5.054    4.952    5.140    5.024    5.139    5.118    4.761    4.961    5.074    4.850    5.086    5.029    4.780    5.056    5.059    4.830    5.251    5.060    4.651    5.237    5.207    4.830    5.222    4.668    4.625    4.630    5.172    4.706    4.718    4.891    4.722    4.630    5.045    5.111    4.906    4.772    4.850    4.953    4.933    4.679    4.992    4.645    4.745    4.935    4.909    4.920    4.425    4.720    4.619    4.956    4.654    4.525    4.525    4.958    5.116    4.786    4.683    4.829    4.921    4.716    4.766    5.080    4.804    5.045    4.898    4.675    4.504    4.751    4.823    5.147    5.098    5.230    5.166    4.770    5.140    4.968    4.290    5.000    4.839    4.828    4.788    5.239    4.800    4.925    5.035    4.905    5.019    4.832    4.805    4.703    4.813    5.181    4.657    4.873    4.954    5.092    4.448    4.930    4.875    5.008    4.901    4.907    5.002    4.938    4.947    4.539    4.523    4.962    4.819    4.970    4.875    4.962    4.780    4.842    4.531    4.758    4.892    4.803    4.656    4.940    4.705    4.785    4.852    5.063    4.774    4.986    4.673    4.713    4.816    5.104    4.820    4.696    4.662    4.969    4.664    4.408    5.158    5.029    4.975    4.577    4.659    4.608    4.456    4.480    4.774    4.680    4.758    4.727    4.676    4.635    4.305    4.312    4.665    4.797    4.539    4.417    4.709    4.302    4.484    4.469    4.108    4.595    4.476    4.512    4.421    4.384    4.618    4.568    4.297    4.448    4.729    4.888    4.360    4.396    4.651    4.289    4.467    4.201    4.351    4.569    4.590    4.279    3.708    4.506 
DATE 2017:115:19:20:29 obsn  36 az 308 el 14 freq_MHz  1424.0000 Tsys 158.644 Tant 320.541 vlsr  -33.09 glat  0.880 glon 76.965 azoff 0.00 eloff 0.00 source CygnusX 
Fstart 1422.997 fstop 1425.003 spacing 0.009375 bw    2.400 fbw    2.000 MHz nfreq 256 nsam 5242880 npoint 214 integ   393 sigma    0.165 bsw 38
Spectrum    360 integration periods
   5.253    5.189    5.174    4.917    5.116    4.898    5.144    3.655    5.173    5.052    4.978    5.031    5.092    5.268    5.052    5.127    5.388    4.924    5.200    5.269    4.839    5.276    5.183    5.098    5.203    5.190    4.779    5.036    5.243    4.866    5.075    4.945    5.130    5.040    5.221    5.162    4.752    4.988    5.070    4.916    5.098    5.013    4.835    5.082    5.022    4.791    5.251    5.120    4.665    5.268    5.225    4.877    5.269    4.675    4.647    4.684    5.200    4.704    4.727    4.878    4.718    4.653    5.088    5.087    4.936    4.778    4.891    5.017    4.964    4.703    4.985    4.670    4.780    4.928    4.910    4.924    4.442    4.791    4.656    4.959    4.682    4.515    4.547    4.983    5.124    4.795    4.694    4.901    4.947    4.781    4.811    5.053    4.844    5.037    4.941    4.735    4.565    4.797    4.903    5.178    5.141    5.276    5.186    4.888    5.186    5.004    4.354    5.082    4.901    4.868    4.851    5.248    4.912    4.937    5.056    4.992    5.074    4.905    4.806    4.715    4.844    5.174    4.708    4.918    4.978    5.121    4.496    4.999    4.919    5.084    4.919    4.902    5.016    4.941    5.001    4.639    4.572    4.963    4.807    4.986    4.925    5.029    4.848    4.865    4.554    4.799    4.976    4.847    4.705    4.975    4.689    4.811    4.941    5.084    4.803    5.043    4.678    4.736    4.859    5.152    4.840    4.708    4.718    4.988    4.682    4.454    5.197    5.119    4.979    4.675    4.716    4.642    4.497    4.489    4.780    4.701    4.843    4.755    4.746    4.658    4.351    4.351    4.735    4.815    4.611    4.500    4.749    4.360    4.501    4.578    4.129    4.651    4.535    4.599    4.492    4.435    4.653    4.663    4.364    4.473    4.773    4.953    4.396    4.486    4.700    4.336    4.517    4.333    4.425    4.676    4.638    4.292    3.798    4.608 
DATE 2017:115:19:20:50 obsn  37 az 303 el 14 freq_MHz  1424.0000 Tsys 158.644 Tant 310.876 vlsr  -33.09 glat  0.880 glon 76.965 azoff -5.15 eloff 0.00 source CygnusX 
Fstart 1422.997 fstop 1425.003 spacing 0.009375 bw    2.400 fbw    2.000 MHz nfreq 256 nsam 5242880 npoint 214 integ   404 sigma    0.163 bsw 39
Spectrum    370 integration periods
   5.125    5.022    5.008    4.784    5.059    4.756    5.040    3.536    5.032    4.929    4.850    4.851    4.960    5.102    4.882    4.945    5.252    4.791    5.072    5.125    4.694    5.111    5.066    4.984    5.039    5.084    4.643    4.870    5.098    4.723    4.900    4.810    5.014    4.903    5.099    5.007    4.648    4.876    4.959    4.742    4.941    4.830    4.685    4.962    4.926    4.661    5.099    4.997    4.494    5.071    5.064    4.730    5.104    4.530    4.493    4.506    5.064    4.545    4.581    4.721    4.619    4.512    4.938    4.961    4.831    4.636    4.709    4.823    4.829    4.580    4.831    4.539    4.627    4.831    4.774    4.772    4.316    4.654    4.510    4.806    4.530    4.339    4.375    4.842    4.976    4.644    4.571    4.740    4.839    4.644    4.672    4.852    4.712    4.867    4.744    4.567    4.404    4.615    4.725    5.013    4.954    5.091    5.010    4.737    5.054    4.834    4.143    4.895    4.749    4.750    4.687    5.084    4.782    4.772    4.894    4.810    4.893    4.768    4.625    4.565    4.663    4.997    4.531    4.791    4.833    4.941    4.363    4.860    4.788    4.907    4.772    4.714    4.881    4.773    4.869    4.500    4.405    4.841    4.684    4.873    4.831    4.817    4.715    4.715    4.441    4.657    4.828    4.642    4.528    4.817    4.537    4.705    4.798    4.937    4.623    4.851    4.504    4.577    4.712    4.979    4.680    4.574    4.586    4.821    4.470    4.351    5.068    4.950    4.772    4.532    4.543    4.480    4.326    4.317    4.569    4.512    4.707    4.630    4.522    4.537    4.205    4.294    4.582    4.677    4.421    4.326    4.538    4.167    4.345    4.352    3.964    4.471    4.345    4.458    4.332    4.287    4.463    4.471    4.158    4.337    4.628    4.776    4.273    4.339    4.561    4.145    4.353    4.169    4.232    4.493    4.439    4.126    3.632    4.452 
DATE 2017:115:19:21:11 obsn  38 az 308 el 14 freq_MHz  1424.0000 Tsys 158.644 Tant 320.943 vlsr  -33.09 glat  0.880 glon 76.965 azoff 0.00 eloff 0.00 source CygnusX 
Fstart 1422.997 fstop 1425.003 spacing 0.009375 bw    2.400 fbw    2.000 MHz nfreq 256 nsam 5242880 npoint 214 integ   415 sigma    0.080 bsw 0
Spectrum    380 integration periods
 468.021  468.027  467.465  466.488  466.483  466.969  466.518  471.796  467.147  466.639  466.104  465.899  466.180  466.129  466.540  466.252  466.589  466.734  466.546  465.984  466.653  467.311  468.541  467.463  467.569  467.941  468.191  467.234  467.659  467.964  467.538  467.819  467.478  467.232  467.125  467.465  467.247  466.977  466.561  467.330  468.236  466.539  467.240  467.000  466.917  467.003  466.995  466.604  468.903  469.186  467.591  467.154  467.618  467.803  467.868  467.489  468.295  467.889  468.594  468.540  468.477  468.022  468.486  468.806  468.012  467.977  467.701  467.335  469.406  468.272  467.794  467.850  467.655  467.749  467.859  468.461  467.893  467.672  468.658  468.047  468.211  468.564  468.814  468.492  468.563  469.071  469.542  469.040  468.673  468.614  468.875  468.992  469.222  469.162  469.768  469.626  469.223  469.820  469.547  469.708  469.664  469.876  469.311  470.058  469.473  469.700  473.109  470.384  469.968  469.747  469.906  470.083  470.722  470.056  469.766  470.027  470.299  470.170  470.364  470.053  471.201  470.443  469.982  470.576  470.928  470.651  470.710  470.381  470.598  470.841  470.822  471.017  470.670  471.482  470.564  471.109  470.448  471.392  471.133  471.001  471.101  471.573  471.134  470.972  470.894  471.178  471.136  471.087  471.257  471.300  472.093  471.451  471.276  471.198  471.267  471.022  471.330  471.023  472.023  472.842  471.046  470.965  470.596  471.015  470.884  470.972  471.602  471.896  471.036  470.926  470.845  470.944  470.771  470.942  470.910  472.094  472.315  471.379  471.165  471.927  471.519  471.662  472.518  471.507  473.842  472.253  471.316  471.165  471.681  470.948  472.137  470.743  471.766  471.522  470.440  471.197  471.198  472.267  472.311  471.281  471.760  472.521  472.190  471.960  472.365  472.643  472.706  472.635  472.321  472.120  472.819  470.612  471.358  469.635 
