#DATE                  obsn   az      el     freq_MHz      Tsys        Tant        vlsr     glat        glon        azoff      eloff      source  Fstart       fstop        spacing      bw        fbw       nfreq   nsam        npoint  integ  sigma     bsw   
 2017:096:20:00:03     0      221     55     1420.4000     171.000     888.290     4.65     -56.017     128.296     0.00       0.00       Sun     1419.397     1421.403     0.009375     2.400     2.000     256     5242880     214     2      1.195     0     
 2017:096:20:00:04     1      221     55     1420.4000     171.000     889.619     4.65     -56.017     128.296     0.00       0.00       Sun     1419.397     1421.403     0.009375     2.400     2.000     256     5242880     214     3      0.976     0     
 2017:096:20:00:05     2      221     55     1420.4000     171.000     889.493     4.65     -56.017     128.296     0.00       0.00       Sun     1419.397     1421.403     0.009375     2.400     2.000     256     5242880     214     4      0.845     0     
 2017:096:20:00:06     3      221     55     1420.4000     171.000     891.418     4.65     -56.017     128.296     0.00       0.00       Sun     1419.397     1421.403     0.009375     2.400     2.000     256     5242880     214     5      0.756     0     
 2017:096:20:00:16     4      222     55     1420.4000     171.000     862.004     4.65     -56.017     128.296     1.00       0.00       Sun     1419.397     1421.403     0.009375     2.400     2.000     256     5242880     214     7      0.690     0     
 2017:096:20:00:25     5      223     55     1420.4000     171.000     785.920     4.65     -56.017     128.297     2.00       0.00       Sun     1419.397     1421.403     0.009375     2.400     2.000     256     5242880     214     8      0.639     0     
 2017:096:20:00:35     6      224     55     1420.4000     171.000     693.803     4.65     -56.017     128.297     3.00       0.00       Sun     1419.397     1421.403     0.009375     2.400     2.000     256     5242880     214     9      0.597     0     
 2017:096:20:00:44     7      225     55     1420.4000     171.000     586.939     4.65     -56.017     128.297     4.00       0.00       Sun     1419.397     1421.403     0.009375     2.400     2.000     256     5242880     214     10     0.563     0     
 2017:096:20:00:53     8      226     55     1420.4000     171.000     480.673     4.65     -56.017     128.297     5.00       0.00       Sun     1419.397     1421.403     0.009375     2.400     2.000     256     5242880     214     11     0.534     0     
 2017:096:20:01:03     9      227     55     1420.4000     171.000     402.007     4.65     -56.017     128.297     6.00       0.00       Sun     1419.397     1421.403     0.009375     2.400     2.000     256     5242880     214     12     0.510     0     
 2017:096:20:01:12     10     228     55     1420.4000     171.000     337.953     4.65     -56.017     128.297     7.00       0.00       Sun     1419.397     1421.403     0.009375     2.400     2.000     256     5242880     214     13     0.488     0     
 2017:096:20:01:21     11     229     55     1420.4000     171.000     296.194     4.65     -56.017     128.298     8.00       0.00       Sun     1419.397     1421.403     0.009375     2.400     2.000     256     5242880     214     14     0.469     0     
 2017:096:20:01:31     12     230     55     1420.4000     171.000     277.423     4.65     -56.017     128.298     9.00       0.00       Sun     1419.397     1421.403     0.009375     2.400     2.000     256     5242880     214     15     0.452     0     
 2017:096:20:01:40     13     231     55     1420.4000     171.000     267.792     4.65     -56.017     128.298     10.00      0.00       Sun     1419.397     1421.403     0.009375     2.400     2.000     256     5242880     214     16     0.436     0     
 2017:096:20:01:49     14     232     55     1420.4000     171.000     265.106     4.65     -56.017     128.298     11.00      0.00       Sun     1419.397     1421.403     0.009375     2.400     2.000     256     5242880     214     17     0.422     0     
 2017:096:20:01:59     15     233     55     1420.4000     171.000     261.836     4.65     -56.017     128.298     12.00      0.00       Sun     1419.397     1421.403     0.009375     2.400     2.000     256     5242880     214     19     0.410     0     
 2017:096:20:02:08     16     234     55     1420.4000     171.000     278.646     4.65     -56.017     128.298     13.00      0.00       Sun     1419.397     1421.403     0.009375     2.400     2.000     256     5242880     214     20     0.398     0     
 2017:096:20:02:18     17     235     55     1420.4000     171.000     245.495     4.65     -56.017     128.299     14.00      0.00       Sun     1419.397     1421.403     0.009375     2.400     2.000     256     5242880     214     21     0.388     0     
 2017:096:20:02:27     18     236     55     1420.4000     171.000     237.060     4.65     -56.017     128.299     15.00      0.00       Sun     1419.397     1421.403     0.009375     2.400     2.000     256     5242880     214     22     0.378     0     
 2017:096:20:02:36     19     237     55     1420.4000     171.000     226.419     4.65     -56.017     128.299     16.00      0.00       Sun     1419.397     1421.403     0.009375     2.400     2.000     256     5242880     214     23     0.369     0     
 2017:096:20:02:46     20     238     55     1420.4000     171.000     219.930     4.65     -56.016     128.299     17.00      0.00       Sun     1419.397     1421.403     0.009375     2.400     2.000     256     5242880     214     24     0.360     0     
 2017:096:20:02:55     21     240     55     1420.4000     171.000     253.446     4.65     -56.016     128.299     18.00      0.00       Sun     1419.397     1421.403     0.009375     2.400     2.000     256     5242880     214     25     0.352     0     
 2017:096:20:03:04     22     241     55     1420.4000     171.000     218.309     4.65     -56.016     128.300     19.00      0.00       Sun     1419.397     1421.403     0.009375     2.400     2.000     256     5242880     214     26     0.345     0     
 2017:096:20:03:14     23     242     55     1420.4000     171.000     232.453     4.65     -56.016     128.300     20.00      0.00       Sun     1419.397     1421.403     0.009375     2.400     2.000     256     5242880     214     27     0.338     0     
 2017:096:20:03:35     24     221     55     1420.4000     171.000     232.453     4.65     -56.016     128.300     -1.00      0.00       Sun     1419.397     1421.403     0.009375     2.400     2.000     256     5242880     214     28     0.331     0     
 2017:096:20:03:36     25     221     55     1420.4000     171.000     870.781     4.65     -56.016     128.300     -1.00      0.00       Sun     1419.397     1421.403     0.009375     2.400     2.000     256     5242880     214     29     0.325     0     
 2017:096:20:03:45     26     220     55     1420.4000     171.000     811.485     4.65     -56.016     128.300     -2.00      0.00       Sun     1419.397     1421.403     0.009375     2.400     2.000     256     5242880     214     31     0.319     0     
 2017:096:20:03:55     27     219     55     1420.4000     171.000     696.822     4.65     -56.016     128.300     -3.00      0.00       Sun     1419.397     1421.403     0.009375     2.400     2.000     256     5242880     214     32     0.314     0     
 2017:096:20:04:04     28     218     55     1420.4000     171.000     592.736     4.65     -56.016     128.301     -4.00      0.00       Sun     1419.397     1421.403     0.009375     2.400     2.000     256     5242880     214     33     0.309     0     
 2017:096:20:04:14     29     217     55     1420.4000     171.000     508.043     4.65     -56.016     128.301     -5.00      0.00       Sun     1419.397     1421.403     0.009375     2.400     2.000     256     5242880     214     34     0.304     0     
 2017:096:20:04:23     30     216     55     1420.4000     171.000     431.746     4.65     -56.016     128.301     -6.00      0.00       Sun     1419.397     1421.403     0.009375     2.400     2.000     256     5242880     214     35     0.299     0     
 2017:096:20:04:32     31     215     55     1420.4000     171.000     375.575     4.65     -56.016     128.301     -7.00      0.00       Sun     1419.397     1421.403     0.009375     2.400     2.000     256     5242880     214     36     0.294     0     
 2017:096:20:04:42     32     214     54     1420.4000     171.000     360.154     4.65     -56.016     128.301     -8.00      0.00       Sun     1419.397     1421.403     0.009375     2.400     2.000     256     5242880     214     37     0.290     0     
 2017:096:20:04:51     33     213     54     1420.4000     171.000     323.215     4.65     -56.016     128.301     -9.00      0.00       Sun     1419.397     1421.403     0.009375     2.400     2.000     256     5242880     214     38     0.286     0     
 2017:096:20:05:00     34     212     54     1420.4000     171.000     307.906     4.65     -56.016     128.302     -10.00     0.00       Sun     1419.397     1421.403     0.009375     2.400     2.000     256     5242880     214     39     0.282     0     
 2017:096:20:05:10     35     211     54     1420.4000     171.000     294.570     4.65     -56.016     128.302     -11.00     0.00       Sun     1419.397     1421.403     0.009375     2.400     2.000     256     5242880     214     40     0.278     0     
 2017:096:20:05:19     36     210     54     1420.4000     171.000     266.099     4.65     -56.016     128.302     -12.00     0.00       Sun     1419.397     1421.403     0.009375     2.400     2.000     256     5242880     214     42     0.274     0     
 2017:096:20:05:28     37     209     54     1420.4000     171.000     240.097     4.65     -56.016     128.302     -13.00     0.00       Sun     1419.397     1421.403     0.009375     2.400     2.000     256     5242880     214     43     0.271     0     
 2017:096:20:05:30     38     209     54     1420.4000     171.000     239.976     4.65     -56.016     128.302     -14.00     0.00       Sun     1419.397     1421.403     0.009375     2.400     2.000     256     5242880     214     44     0.267     0     
 2017:096:20:05:31     39     209     54     1420.4000     171.000     239.694     4.65     -56.016     128.302     -14.00     0.00       Sun     1419.397     1421.403     0.009375     2.400     2.000     256     5242880     214     45     0.264     0     
 2017:096:20:05:40     40     208     54     1420.4000     171.000     226.325     4.65     -56.016     128.302     -15.00     0.00       Sun     1419.397     1421.403     0.009375     2.400     2.000     256     5242880     214     46     0.261     0     
 2017:096:20:05:50     41     207     54     1420.4000     171.000     218.924     4.65     -56.016     128.302     -16.00     0.00       Sun     1419.397     1421.403     0.009375     2.400     2.000     256     5242880     214     47     0.258     0     
 2017:096:20:05:59     42     206     54     1420.4000     171.000     212.113     4.65     -56.015     128.303     -17.00     0.00       Sun     1419.397     1421.403     0.009375     2.400     2.000     256     5242880     214     48     0.255     0     
 2017:096:20:06:09     43     205     54     1420.4000     171.000     208.402     4.65     -56.015     128.303     -18.00     0.00       Sun     1419.397     1421.403     0.009375     2.400     2.000     256     5242880     214     49     0.252     0     
 2017:096:20:06:18     44     204     54     1420.4000     171.000     206.018     4.65     -56.015     128.303     -19.00     0.00       Sun     1419.397     1421.403     0.009375     2.400     2.000     256     5242880     214     50     0.249     0     
 2017:096:20:06:27     45     203     54     1420.4000     171.000     203.645     4.65     -56.015     128.303     -20.00     0.00       Sun     1419.397     1421.403     0.009375     2.400     2.000     256     5242880     214     51     0.246     0     
 2017:096:20:06:48     46     223     55     1420.4000     171.000     203.645     4.65     -56.015     128.303     0.00       1.00       Sun     1419.397     1421.403     0.009375     2.400     2.000     256     5242880     214     52     0.244     0     
 2017:096:20:06:50     47     223     55     1420.4000     171.000     879.055     4.65     -56.015     128.304     0.00       1.00       Sun     1419.397     1421.403     0.009375     2.400     2.000     256     5242880     214     54     0.241     0     
 2017:096:20:06:59     48     223     56     1420.4000     171.000     705.547     4.65     -56.015     128.304     0.00       2.00       Sun     1419.397     1421.403     0.009375     2.400     2.000     256     5242880     214     55     0.239     0     
 2017:096:20:07:08     49     223     57     1420.4000     171.000     469.763     4.65     -56.015     128.304     0.00       3.00       Sun     1419.397     1421.403     0.009375     2.400     2.000     256     5242880     214     56     0.237     0     
 2017:096:20:07:18     50     223     58     1420.4000     171.000     310.951     4.65     -56.015     128.304     0.00       4.00       Sun     1419.397     1421.403     0.009375     2.400     2.000     256     5242880     214     57     0.234     0     
 2017:096:20:07:27     51     223     59     1420.4000     171.000     252.908     4.65     -56.015     128.304     0.00       5.00       Sun     1419.397     1421.403     0.009375     2.400     2.000     256     5242880     214     58     0.232     0     
 2017:096:20:07:36     52     223     60     1420.4000     171.000     241.556     4.65     -56.015     128.304     0.00       6.00       Sun     1419.397     1421.403     0.009375     2.400     2.000     256     5242880     214     59     0.230     0     
 2017:096:20:07:46     53     223     61     1420.4000     171.000     235.451     4.65     -56.015     128.305     0.00       7.00       Sun     1419.397     1421.403     0.009375     2.400     2.000     256     5242880     214     60     0.228     0     
 2017:096:20:07:55     54     223     62     1420.4000     171.000     219.415     4.65     -56.015     128.305     0.00       8.00       Sun     1419.397     1421.403     0.009375     2.400     2.000     256     5242880     214     61     0.226     0     
 2017:096:20:08:05     55     223     63     1420.4000     171.000     208.618     4.65     -56.015     128.305     0.00       9.00       Sun     1419.397     1421.403     0.009375     2.400     2.000     256     5242880     214     62     0.224     0     
 2017:096:20:08:14     56     223     64     1420.4000     171.000     205.498     4.65     -56.015     128.305     0.00       10.00      Sun     1419.397     1421.403     0.009375     2.400     2.000     256     5242880     214     63     0.222     0     
 2017:096:20:08:23     57     223     65     1420.4000     171.000     207.284     4.65     -56.015     128.305     0.00       11.00      Sun     1419.397     1421.403     0.009375     2.400     2.000     256     5242880     214     64     0.220     0     
 2017:096:20:08:33     58     224     66     1420.4000     171.000     211.977     4.65     -56.015     128.305     0.00       12.00      Sun     1419.397     1421.403     0.009375     2.400     2.000     256     5242880     214     66     0.218     0     
 2017:096:20:08:42     59     224     67     1420.4000     171.000     205.490     4.65     -56.015     128.306     0.00       13.00      Sun     1419.397     1421.403     0.009375     2.400     2.000     256     5242880     214     67     0.216     0     
 2017:096:20:08:51     60     224     68     1420.4000     171.000     207.432     4.65     -56.015     128.306     0.00       14.00      Sun     1419.397     1421.403     0.009375     2.400     2.000     256     5242880     214     68     0.215     0     
 2017:096:20:09:01     61     224     69     1420.4000     171.000     213.737     4.65     -56.015     128.306     0.00       15.00      Sun     1419.397     1421.403     0.009375     2.400     2.000     256     5242880     214     69     0.213     0     
 2017:096:20:09:10     62     224     70     1420.4000     171.000     208.372     4.65     -56.014     128.306     0.00       16.00      Sun     1419.397     1421.403     0.009375     2.400     2.000     256     5242880     214     70     0.211     0     
 2017:096:20:09:19     63     224     71     1420.4000     171.000     210.152     4.65     -56.014     128.306     0.00       17.00      Sun     1419.397     1421.403     0.009375     2.400     2.000     256     5242880     214     71     0.210     0     
 2017:096:20:09:29     64     224     72     1420.4000     171.000     211.068     4.65     -56.014     128.306     0.00       18.00      Sun     1419.397     1421.403     0.009375     2.400     2.000     256     5242880     214     72     0.208     0     
 2017:096:20:09:38     65     224     73     1420.4000     171.000     214.050     4.65     -56.014     128.307     0.00       19.00      Sun     1419.397     1421.403     0.009375     2.400     2.000     256     5242880     214     73     0.206     0     
 2017:096:20:09:47     66     224     74     1420.4000     171.000     214.185     4.65     -56.014     128.307     0.00       20.00      Sun     1419.397     1421.403     0.009375     2.400     2.000     256     5242880     214     74     0.205     0     
 2017:096:20:10:09     67     224     53     1420.4000     171.000     214.185     4.65     -56.014     128.307     0.00       -1.00      Sun     1419.397     1421.403     0.009375     2.400     2.000     256     5242880     214     75     0.203     0     
 2017:096:20:10:10     68     224     53     1420.4000     171.000     823.990     4.65     -56.014     128.307     0.00       -1.00      Sun     1419.397     1421.403     0.009375     2.400     2.000     256     5242880     214     76     0.202     0     
 2017:096:20:10:19     69     224     52     1420.4000     171.000     645.201     4.65     -56.014     128.307     0.00       -2.00      Sun     1419.397     1421.403     0.009375     2.400     2.000     256     5242880     214     78     0.201     0     
 2017:096:20:10:29     70     224     51     1420.4000     171.000     441.077     4.65     -56.014     128.308     0.00       -3.00      Sun     1419.397     1421.403     0.009375     2.400     2.000     256     5242880     214     79     0.199     0     
 2017:096:20:10:38     71     224     50     1420.4000     171.000     303.650     4.65     -56.014     128.308     0.00       -4.00      Sun     1419.397     1421.403     0.009375     2.400     2.000     256     5242880     214     80     0.198     0     
 2017:096:20:10:47     72     224     49     1420.4000     171.000     257.076     4.65     -56.014     128.308     0.00       -5.00      Sun     1419.397     1421.403     0.009375     2.400     2.000     256     5242880     214     81     0.196     0     
 2017:096:20:10:57     73     224     48     1420.4000     171.000     237.023     4.65     -56.014     128.308     0.00       -6.00      Sun     1419.397     1421.403     0.009375     2.400     2.000     256     5242880     214     82     0.195     0     
 2017:096:20:11:06     74     224     47     1420.4000     171.000     230.190     4.65     -56.014     128.308     0.00       -7.00      Sun     1419.397     1421.403     0.009375     2.400     2.000     256     5242880     214     83     0.194     0     
 2017:096:20:11:15     75     224     46     1420.4000     171.000     223.696     4.65     -56.014     128.308     0.00       -8.00      Sun     1419.397     1421.403     0.009375     2.400     2.000     256     5242880     214     84     0.193     0     
 2017:096:20:11:25     76     225     45     1420.4000     171.000     208.951     4.65     -56.014     128.309     0.00       -9.00      Sun     1419.397     1421.403     0.009375     2.400     2.000     256     5242880     214     85     0.191     0     
 2017:096:20:11:34     77     225     44     1420.4000     171.000     206.131     4.65     -56.014     128.309     0.00       -10.00     Sun     1419.397     1421.403     0.009375     2.400     2.000     256     5242880     214     86     0.190     0     
 2017:096:20:11:44     78     225     43     1420.4000     171.000     206.184     4.65     -56.014     128.309     0.00       -11.00     Sun     1419.397     1421.403     0.009375     2.400     2.000     256     5242880     214     87     0.189     0     
 2017:096:20:11:53     79     225     41     1420.4000     171.000     202.956     4.65     -56.014     128.309     0.00       -12.00     Sun     1419.397     1421.403     0.009375     2.400     2.000     256     5242880     214     88     0.188     0     
 2017:096:20:12:02     80     225     40     1420.4000     171.000     202.946     4.65     -56.014     128.309     0.00       -13.00     Sun     1419.397     1421.403     0.009375     2.400     2.000     256     5242880     214     90     0.187     0     
 2017:096:20:12:12     81     225     39     1420.4000     171.000     202.973     4.65     -56.014     128.309     0.00       -14.00     Sun     1419.397     1421.403     0.009375     2.400     2.000     256     5242880     214     91     0.185     0     
 2017:096:20:12:21     82     225     38     1420.4000     171.000     202.236     4.65     -56.013     128.310     0.00       -15.00     Sun     1419.397     1421.403     0.009375     2.400     2.000     256     5242880     214     92     0.184     0     
 2017:096:20:12:30     83     225     37     1420.4000     171.000     205.542     4.65     -56.013     128.310     0.00       -16.00     Sun     1419.397     1421.403     0.009375     2.400     2.000     256     5242880     214     93     0.183     0     
 2017:096:20:12:40     84     225     36     1420.4000     171.000     202.170     4.65     -56.013     128.310     0.00       -17.00     Sun     1419.397     1421.403     0.009375     2.400     2.000     256     5242880     214     94     0.182     0     
 2017:096:20:12:49     85     225     35     1420.4000     171.000     201.312     4.65     -56.013     128.310     0.00       -18.00     Sun     1419.397     1421.403     0.009375     2.400     2.000     256     5242880     214     95     0.181     0     
 2017:096:20:12:58     86     225     34     1420.4000     171.000     202.366     4.65     -56.013     128.310     0.00       -19.00     Sun     1419.397     1421.403     0.009375     2.400     2.000     256     5242880     214     96     0.180     0     
 2017:096:20:13:08     87     225     33     1420.4000     171.000     201.085     4.65     -56.013     128.310     0.00       -20.00     Sun     1419.397     1421.403     0.009375     2.400     2.000     256     5242880     214     97     0.179     0     
