vel Tant_raw Tant_corr
-249.960470447 218.321 -2.046626844068413
-247.983338822 220.105 -0.21095003994071249
-246.006181116 217.495 -2.772295164983177
-244.028997329 218.949 -1.2726050766014225
-242.051787459 221.411 1.2321769100683184
-240.074551506 222.139 2.000107022005949
-238.097289471 220.861 0.7592410282794333
-236.120001351 220.225 0.15763424007434423
-234.142687147 222.128 2.0923415104829246
-232.165346858 222.129 2.1224172345547174
-230.187980484 221.62 1.6399153491841219
-228.210588024 220.586 0.6298893330792907
-226.233169477 217.695 -2.2396077933152867
-224.255724844 217.671 -2.244523467897409
-222.278254123 216.811 -3.0878055869167156
-220.300757314 220.808 0.9235974949133094
-218.323234417 219.73 -0.14226303562253406
-216.345685431 219.581 -0.28133645029760146
-214.368110355 219.48 -0.37457247951309114
-212.390509189 218.788 -1.0609213123610175
-210.412881933 219.626 -0.21933359667852415
-208.435228585 218.903 -0.9407604391080042
-206.457549147 221.265 1.4208465948361209
-204.479843616 220.986 1.1395354807114586
-202.502111992 218.84 -1.0106462649166303
-200.524354276 218.902 -0.9546515845285342
-198.546570465 223.422 3.557566120271389
-196.568760561 221.496 1.6220529887232544
-194.590924562 220.633 0.7478547008179248
-192.613062468 220.312 0.4140164772605033
-190.635174278 221.822 1.9095830793947073
-188.657259991 220.37 0.4415988091466545
-186.679319609 221.527 1.581107508991522
-184.701353129 221.092 1.127152561824488
-182.723360551 222.043 2.057776890966437
-180.745341875 221.017 1.0100229600803061
-178.7672971 219.109 -0.9210672269020677
-176.789226225 219.471 -0.5834521258315704
-174.811129251 220.783 0.7029093476240291
-172.833006177 219.281 -0.8259421821301771
-170.854857002 220.455 0.32003344934557276
-168.876681725 216.421 -3.743124053535098
-166.898480347 218.91 -1.284375446414174
-164.920252866 221.146 0.9203180548743717
-162.941999282 220.519 0.26099477431907303
-160.963719595 217.904 -2.387307424359193
-158.985413804 219.62 -0.7055511377856476
-157.007081908 219.984 -0.37669942297699777
-155.028723907 220.073 -0.323715797383727
-153.050339801 219.633 -0.800564238967894
-151.071929589 221.773 1.3017908137166216
-149.09349327 220.105 -0.4046155385190673
-147.115030844 219.103 -1.4457486555399726
-145.136542311 221.167 0.578425642033352
-143.158027669 222.455 1.825941072722543
-141.179486919 221.164 0.49383089423182014
-139.20092006 219.426 -1.2858720967143142
-137.222327091 219.041 -1.7131355643923314
-135.243708012 222.049 1.2520723658813324
-133.265062823 222.099 1.2587831076685063
-131.286391522 219.016 -1.8679723866962945
-129.307694109 220.593 -0.33516362607926453
-127.328970585 220.003 -0.9697605806289289
-125.350220947 221.287 0.2692663180498016
-123.371445196 224.026 2.962946177014601
-121.392643332 218.735 -2.373692358187384
-119.413815353 221.306 0.15137889639521518
-117.434961259 220.088 -1.1128123368508511
-115.45608105 221.986 0.7387612027897319
-113.477174726 219.904 -1.3898736857001381
-111.498242285 221.497 0.1563093348212874
-109.519283727 221.278 -0.10966386031213915
-107.540299051 221.487 0.05223214229391715
-105.561288258 221.88 0.3980222941042939
-103.582251346 223.332 1.802731084474118
-101.603188315 221.314 -0.2626174592930397
-99.6240991651 222.27 0.646000227948349
-97.644983895 221.115 -0.5563927509112432
-95.6658425043 221.03 -0.6887737552424369
-93.6866749927 221.306 -0.46012060675727184
-91.7074813595 222.422 0.6085884104176102
-89.7282616042 221.291 -0.5696254503056082
-87.7490157265 221.325 -0.5827413980373137
-85.7697437256 222.443 0.4882608955118428
-83.7904456011 224.722 2.720401295991053
-81.8111213525 222.364 0.31569920633651805
-79.8317709793 220.255 -1.8398264332875556
-77.8523944809 220.316 -1.8251571455523674
-75.8729918569 221.842 -0.34527491601872384
-73.8935631066 223.395 1.1618378067900323
-71.9141082297 222.163 -0.11580188865673335
-69.9346272256 219.914 -2.4101773769746444
-67.9551200937 224.303 1.9337275040817588
-65.9755868336 223.082 0.667928453562098
-63.9960274447 224.17 1.7114407072498636
-62.0164419265 222.869 0.36627903760816594
-60.0368302785 221.568 -0.9785422462840643
-58.0571925002 221.91 -0.6800092987930952
-56.077528591 223.442 0.8088912622061741
-54.0978385505 224.401 1.7251723552753617
-52.1181223781 223.453 0.734846435342746
-50.1383800733 223.858 1.0979254936484608
-48.1586116357 221.952 -0.849578942316839
-46.1788170645 221.137 -1.7056558088836766
-44.1989963594 222.126 -0.7572945062462395
-42.21914952 220.475 -2.448484898536435
-40.2392765454 221.441 -1.5222173138928667
-38.2593774355 222.154 -0.8484825444961359
-36.2794521894 225.339 2.297728153337914
-34.2995008068 222.555 -0.5245769408752778
-32.3195232873 225.222 2.104609988135536
-30.3395196301 225.917 2.7622962913307845
-28.3594898349 225.979 2.7874888553158144
-26.379433901 226.201 2.9731941022623403
-24.399351828 229.6 6.336417989860479
-22.4192436154 230.773 7.474166011249736
-20.4391092626 235.449 12.115443194957834
-18.4589487692 243.651 20.28325410484456
-16.4787621345 252.621 29.21960284003177
-14.4985493582 266.699 43.26449303485407
-12.5183104397 279.627 56.15992785878532
-10.5380453783 294.276 70.77691001638104
-8.55775417381 310.751 87.22044174722657
-6.57743682541 320.127 96.56552482585758
-4.59709333275 330.516 106.92416056171592
-2.61672369532 336.691 113.0693497990784
-0.636327912526 334.47 110.8190929169968
1.3440940161 331.413 107.73338982923909
3.32454209111 322.229 98.52123998422545
5.30501631302 315.835 92.0996423649683
7.28551668228 306.898 83.13559548901131
9.26604319954 298.433 74.64409740836402
11.2465958652 288.881 65.06614570944708
13.2271746798 274.537 50.696737513025056
15.2077796439 267.017 43.151869474146764
17.1884107579 253.909 30.019537782085962
19.1690680226 247.741 23.8277381602731
21.1497514381 241.78 17.8434658662471
23.1304610053 236.859 12.899715691575892
25.1111967246 231.257 7.275481961810357
27.0919585963 230.273 6.269758536417953
29.0727466213 230.372 6.347538808713551
31.0535607998 227.528 3.4828157058121008
33.0344011325 226.604 2.5385816885543306
35.0152676198 224.051 -0.034171248546670085
36.9961602623 226.864 2.7595484226283133
38.9770790605 224.978 0.8547317637457752
40.9580240148 225.194 1.052369369957887
42.938995126 224.552 0.392451369836607
44.9199923943 230.59 6.412967425320915
46.9010158204 226.525 2.3309067316455128
48.8820654049 225.151 0.9402580172846626
50.8631411481 224.937 0.7100095438920846
52.8442430506 223.932 -0.3108508937655756
54.825371113 223.833 -0.4253359678677384
56.8065253356 225.958 1.6845411824006646
58.7877057192 223.868 -0.42023304921846716
60.7689122641 225.578 1.2753272638896078
62.7501449711 224.175 -0.14179241885665306
64.7314038403 225.998 1.6673928947119805
66.7126888726 223.206 -1.1381322705566674
68.6940000683 224.085 -0.2723838571880606
70.675337428 222.718 -1.6523782751489193
72.6567009522 223.322 -1.0611324019059225
74.6380906414 223.259 -1.1366635824882678
76.6195064961 223.641 -0.766989629549073
78.6009485169 221.991 -2.429128823427874
80.5824167042 223.691 -0.7410999122104442
82.5639110587 223.802 -0.6419221117932921
84.5454315808 223.721 -0.7346151059419128
86.5269782709 224.904 0.43680095364570093
88.5085511298 225.918 1.4393054472751885
90.4901501578 226.331 1.8408772871991346
92.4717753555 224.007 -0.49450508244896696
94.4534267233 226.187 1.6741363142861019
96.4351042619 225.327 0.8027789851170155
98.4168079718 224.955 0.41939996945487223
100.398537853 222.367 -2.1800241616508345
102.380293907 223.485 -1.0735173055852556
104.362076134 223.557 -1.0131038282141844
106.343884534 222.751 -1.8308085639515639
108.325719108 223.227 -1.3666568158288612
110.307579856 224.665 0.059325644455412885
112.289466779 227.026 2.4081125764617752
114.271379877 222.56 -2.0703227290398445
116.253319151 225.748 1.1049925498558082
118.235284602 224.987 0.331030766133523
120.21727623 224.411 -0.2582361961975437
122.199294035 222.518 -2.164836922171787
124.181338018 225.592 0.8951995340640053
126.16340818 224.4 -0.3111563508047368
128.14550452 225.29 0.5640654306927502
130.12762704 224.509 -0.23216558328576298
132.109775741 225.361 0.6041196760711216
134.091950622 224.22 -0.5531101918238335
136.074151683 222.418 -2.371887057041448
138.056378927 222.627 -2.180243259217036
140.038632352 223.498 -1.3272116075432052
142.020911961 225.572 0.7281746190809031
144.003217752 224.682 -0.1811183279219506
145.985549727 226.566 1.6828753330478037
147.967907886 224.785 -0.1188790862391329
149.95029223 225.576 0.6505832560682734
151.93270276 224.688 -0.25977326815149127
153.915139475 227.872 2.901015242969777
155.897602376 224.815 -0.18008777881732385
157.880091464 226.154 1.1338806280799076
159.86260674 224.617 -0.4291170449660626
161.845148203 224.89 -0.18311877683703415
163.827715854 226.841 1.7398369832165486
165.810309695 226.324 1.1937113155232453
167.792929725 224.785 -0.3755351700118865
169.775575945 224.694 -0.4979423340414826
171.758248355 224.214 -1.0105505077932833
