vel Tant_raw Tant_corr
-201.400470447 213.756 -0.12595605331540582
-199.423338822 214.625 0.6818284764523526
-197.446181116 213.776 -0.2271967609092087
-195.468997329 213.402 -0.6600423169398937
-193.491787459 213.291 -0.828718748565791
-191.514551506 214.525 0.34876338201888757
-189.537289471 215.039 0.8073935073177267
-187.560001351 215.371 1.0851610543928984
-185.582687147 213.675 -0.6639445549115521
-183.605346858 214.704 0.31306609586229683
-181.627980484 214.861 0.41918241786754606
-179.650588024 216.395 1.9033938168994098
-177.673169477 215.769 1.2286896934212734
-175.695724844 215.196 0.6080594426121593
-173.718254123 214.201 -0.433507545756072
-171.740757314 213.612 -1.0680218871974034
-169.763234417 213.653 -1.0714942025622065
-167.785685431 213.528 -1.2399351180594635
-165.808110355 213.692 -1.1183552652336175
-163.830509189 213.656 -1.1957652809447552
-161.852881933 214.424 -0.46817580739167397
-159.875228585 215.045 0.1134025078477805
-157.897549147 214.747 -0.22304098806338857
-155.919843616 214.972 -0.03551695340070182
-153.942111992 214.858 -0.18603605172035032
-151.964354276 214.039 -1.040608951902982
-149.986570465 214.181 -0.9332463282428307
-148.008760561 214.751 -0.39695886028792415
-146.030924562 216.12 0.9392427670007919
-144.053062468 216.158 0.9453478633530779
-142.075174278 215.656 0.41234573313818146
-140.097259991 215.943 0.6692256753810852
-138.119319609 214.806 -0.4970230161941913
-136.141353129 216.311 0.9795889467149834
-134.163360551 216.008 0.6490508471098622
-132.185341875 215.656 0.2703519626431614
-130.2072971 216.426 1.0144815656056778
-128.229226225 215.778 0.3414289229401959
-126.251129251 218.463 3.0021832962648034
-124.273006177 219.539 4.05473394182178
-122.294857002 220.496 4.989070110503292
-120.316681725 220.557 5.028181047850865
-118.338480347 221.239 5.689055994075659
-116.360252866 223.361 7.790684184003368
-114.381999282 224.704 9.114054847128102
-112.403719595 224.249 8.640157207589027
-110.425413804 227.787 12.159980484160911
-108.447081908 227.059 11.414513890263834
-106.468723907 229.234 13.572746633970922
-104.490339801 229.297 13.619667917997816
-102.511929589 230.959 15.266266939694646
-100.53349327 228.401 12.693532891054133
-98.5550308443 226.439 10.717454958720168
-96.576542311 226.104 10.369022323968323
-94.5980276695 225.905 10.157224162716602
-92.6194869195 225.302 9.542049645524429
-90.6409200603 226.76 10.98848793758745
-88.6623270915 227.796 12.013528198741284
-86.6837080125 230.312 14.519159583457906
-84.7050628228 234.327 18.524371240846648
-82.726391522 238.24 22.428152314653516
-80.7476941095 240.695 24.874491943259073
-78.7689705847 244.911 29.082379259678845
-76.7902209472 245.965 30.128803391563423
-74.8114451964 248.292 32.44875346119616
-72.8326433319 248.853 33.00321858549407
-70.8538153531 250.204 34.34818787600574
-68.8749612595 249.841 33.97965043891176
-66.8960810505 247.965 32.09859537502342
-64.9171747257 248.654 32.78301177978284
-62.9382422846 246.056 30.180888743261562
-60.9592837265 248.139 32.26021535015968
-58.9802990511 247.145 31.26298067980653
-57.0012882577 245.094 29.209173806158418
-55.022251346 245.089 29.201783797799322
-53.0431883153 242.277 26.38779971793909
-51.0640991651 248.54 32.6492106244136
-49.084983895 243.587 27.69500556968393
-47.1058425043 242.495 26.602173600835386
-45.1266749927 242.638 26.74470375957725
-43.1474813595 239.537 23.643585082241856
-41.1682616042 240.552 24.65880659978413
-39.1890157265 240.128 24.235357337780783
-37.2097437256 241.549 25.657226316429785
-35.2304456011 241.447 25.556402550549535
-33.2511213525 244.037 28.14787504957846
-31.2717709793 247.038 31.150632817574063
-29.2923944809 248.681 32.795664853212685
-27.3129918569 247.497 31.613960149788255
-25.3335631066 245.071 29.190507695212403
-23.3541082297 246.095 30.21729647201289
-21.3746272256 248.656 32.78131545733385
-19.3951200937 251.998 36.12655362293464
-17.4155868336 255.469 39.60099993518915
-15.4360274447 261.492 45.627643355085524
-13.4564419265 266.326 50.465472838225054
-11.4768302785 266.025 50.168477334821745
-9.49719250021 267.313 51.46064578970177
-7.51752859104 260.49 44.641967142302775
-5.5378385505 250.835 34.99143032667294
-3.55812237813 237.466 21.627024271470532
-1.57838007332 230.149 14.314737899963603
0.401388364339 225.148 9.318560130028459
2.38118293549 219.657 3.8324798741501525
4.36100364056 219.132 3.312486039420662
6.34085048005 217.35 1.5355675275390013
8.3207234546 216.664 0.8547132348107027
10.3006225645 215.414 -0.39008794785414125
12.2805478106 216.375 0.5761528650610046
14.2604991932 215.883 0.08942455367531466
16.2404767127 216.293 0.504715992711823
18.2204803699 215.372 -0.4109839485024054
20.2005101651 216.195 0.41731359396047196
22.180566099 215.902 0.12959747863109783
24.160648172 216.664 0.8968565586401951
26.1407563846 217.495 1.7330796817190333
28.1208907374 215.852 0.09525569019876912
30.1010512308 216.744 0.9923734210089776
32.0812378655 214.987 -0.7595782943215568
34.0614506418 216.569 0.8273893703324404
36.0416895603 215.918 0.18126523569418396
38.0219546217 216.273 0.5410381170833034
40.0022458262 216.286 0.5586968244140564
41.9825631746 215.753 0.03023016219708552
43.9629066673 217.27 1.5516269295365817
45.9432763047 216.024 0.30987592013033805
47.9236720875 215.551 -0.15903407772995592
49.9040940161 213.663 -2.0431142811608822
51.8845420911 216.061 0.3586240873130748
53.865016313 214.345 -1.3538302002415605
55.8455166823 214.349 -1.3464883771678444
57.8260431995 215.376 -0.3163616822189965
59.8065958652 213.832 -1.8574613595589824
61.7871746798 214.39 -1.2967986587635494
63.7677796439 213.434 -2.2503848348202666
65.7484107579 214.451 -1.2312311481298934
67.7290680226 215.652 -0.02834886450611407
69.7097514381 215.562 -0.11674925517746715
71.6904610053 215.446 -0.2314435967866757
73.6711967246 214.557 -1.119443171392163
75.6519585963 214.639 -1.0367592664684935
77.6327466213 215.245 -0.4304031749068429
79.6135607998 247.33 0.0
81.5944011325 218.869 0.0
83.5752676198 227.246 0.0
85.5561602623 227.992 0.0
87.5370790605 216.243 0.5640644520211993
89.5180240148 216.353 0.6722162092733868
91.498995126 217.555 1.8719609512003217
93.4799923943 214.891 -0.7947126584465991
95.4610158204 215.043 -0.6458159613391103
97.4420654049 215.509 -0.18336030457237484
99.4231411481 216.486 0.7896429593351684
101.404243051 215.464 -0.23681752756110086
103.385371113 214.635 -1.0707531286273309
105.366525336 217.508 1.796824787338295
107.347705719 214.817 -0.9000951538813524
109.328912264 217.225 1.5014756680607775
111.310144971 216.193 0.462525868089557
113.29140384 216.36 0.6220440557018208
115.272688873 216.217 0.4710188349573343
117.254000068 216.747 0.9924388045022283
119.235337428 216.043 0.2792925575311358
121.216700952 215.97 0.1965686818248571
123.198090641 214.946 -0.8377442402766349
125.179506496 216.503 0.7083423681335717
127.160948517 217.61 1.803817078534621
129.142416704 216.101 0.282668456972317
131.123911059 216.534 0.702885064045546
133.105431581 215.068 -0.7765445450630466
135.086978271 216.457 0.5983681793806852
137.06855113 217.021 1.147611781673902
139.050150158 214.337 -1.5518251993160561
141.031775355 216.104 0.19904576984100686
143.013426723 214.927 -0.9947867828797712
144.995104262 215.544 -0.3953343349262468
146.976807972 215.525 -0.43260836918554446
148.958537853 216.478 0.5013796260157903
150.940293907 216.301 0.3046181568904558
152.922076134 215.548 -0.4689042757716493
154.903884534 215.925 -0.11319917662228818
156.885719108 216.982 0.9217219442331555
158.867579856 216.576 0.4928475712566467
160.849466779 216.647 0.5401661834544882
162.831379877 215.868 -0.26333374560036305
164.813319151 216.595 0.4383362522073071
166.795284602 215.539 -0.6438353604544602
168.77727623 216.75 0.5401398736483998
170.759294035 217.192 0.9542504063031174
172.741338018 216.914 0.6474846838348753
174.72340818 216.647 0.3508311471189529
176.70550452 216.035 -0.29172176838858377
178.68762704 215.451 -0.9071856327274759
180.669775741 215.778 -0.6125720213746604
182.651950622 217.438 1.0141074847745415
184.634151683 215.674 -0.7841587006420809
186.616378927 216.392 -0.10138216949286516
188.598632352 215.785 -0.7445745190119055
190.580911961 215.736 -0.8307473519776067
192.563217752 215.695 -0.9099122765308039
194.545549727 214.906 -1.7380809063428444
196.527907886 216.316 -0.3682648605032739
198.51029223 216.123 -0.602475763578525
200.49270276 217.139 0.3712747544064712
202.475139475 216.194 -0.6170249419884044
204.457602376 216.99 0.13461350629600588
206.440091464 218.159 1.2581784528580897
208.42260674 217.18 0.23265824583515382
210.405148203 216.728 -0.2669587720489801
212.387715854 216.038 -1.005684263578189
214.370309695 217.282 0.1884701029748328
216.352929725 217.473 0.3284926539492403
218.335575945 217.904 0.7073717101710315
220.318248355 218.375 1.125095587028028
