vel Tant_raw Tant_corr
-248.410470447 225.505 0.7394823095076504
-246.433338822 225.302 0.5872040289962683
-244.456181116 222.955 -1.7117628247449375
-242.478997329 224.229 -0.39236839045611305
-240.501787459 224.527 -0.05156320232524081
-238.524551506 222.798 -1.7402981901325063
-236.547289471 222.667 -1.8335246792714486
-234.570001351 225.336 0.8708056092911249
-232.592687147 226.664 2.2317405588094914
-230.615346858 225.123 0.7213276568203923
-228.637980484 224.083 -0.29038600496286904
-226.660588024 225.397 1.0496462693282922
-224.683169477 223.461 -0.862529220351945
-222.705724844 225.738 1.436133429962922
-220.728254123 225.391 1.1086797282569307
-218.750757314 225.012 0.747154786421504
-216.773234417 222.738 -1.511396679771991
-214.795685431 223.314 -0.921930350718327
-212.818110355 224.351 0.12659769695858358
-210.840509189 222.525 -1.6897690096510587
-208.862881933 222.325 -1.88198733978723
-206.885228585 224.31 0.10898544093251417
-204.907549147 223.626 -0.5708083295587869
-202.929843616 222.435 -1.7593267098047534
-200.952111992 225.079 0.8854718451001702
-198.974354276 223.599 -0.5953715165306335
-196.996570465 223.846 -0.350816043032637
-195.018760561 225.723 1.522178620562869
-193.040924562 226.331 2.124652432467286
-191.063062468 224.493 0.27964495409045753
-189.085174278 224.285 0.06319534998141307
-187.107259991 225.425 1.1933423877777898
-185.129319609 224.498 0.2551244381712081
-183.151353129 225.993 1.7375794748114402
-181.173360551 225.598 1.3287450742957674
-179.195341875 224.608 0.32365841610234725
-177.2172971 226.836 2.5353562825290794
-175.239226225 224.162 -0.15612494135294241
-173.261129251 224.381 0.044250732267386184
-171.283006177 224.189 -0.16748110614670964
-169.304857002 223.163 -1.214285263516615
-167.326681725 222.688 -1.7111269442008847
-165.348480347 225.226 0.8040282499759712
-163.370252866 224.83 0.38421431961407393
-161.391999282 222.879 -1.5915351322577465
-159.413719595 225.303 0.8068130997438345
-157.435413804 225.823 1.300291823289939
-155.457081908 224.96 0.40993344829900025
-153.478723907 225.824 1.2457699868985799
-151.500339801 223.907 -0.7001669466402518
-149.521929589 224.365 -0.27184613597069074
-147.54349327 224.305 -0.36223676270927285
-145.565030844 223.402 -1.2963084064726331
-143.586542311 224.458 -0.2720310449445549
-141.608027669 224.412 -0.3503750539618977
-139.629486919 225.517 0.7216887925137314
-137.65092006 224.215 -0.6138106777376038
-135.672327091 225.133 0.27015496478480827
-133.693708012 223.892 -1.0053862487327478
-131.715062823 223.725 -1.2074066854874559
-129.736391522 224.238 -0.7298791111491312
-127.757694109 223.966 -1.0377766898419623
-125.778970585 227.627 2.586927015786415
-123.800220947 223.476 -1.6007419555800482
-121.821445196 226.247 1.133242036168241
-119.842643332 224.497 -0.6540957675776724
-117.863815353 225.017 -0.17173052421796342
-115.884961259 223.722 -1.5046377899211336
-113.90608105 225.679 0.41420648028565665
-111.927174726 226.598 1.294825932463965
-109.948242285 225.53 0.1882438136719884
-107.969283727 226.014 0.6334829719895936
-105.990299051 224.079 -1.3404341435928586
-104.011288258 223.198 -2.260485483168253
-102.032251346 226.705 1.207350603935879
-100.053188315 223.97 -1.56690463079687
-98.0740991651 225.218 -0.35823033516192027
-96.094983895 226.194 0.5783939436836363
-94.1158425043 224.532 -1.1230117407862394
-92.1366749927 226.273 0.5785722654648566
-90.1574813595 227.202 1.4681652169730626
-88.1782616042 222.873 -2.900214031266728
-86.1990157265 226.357 0.5444529761463173
-84.2197437256 227.148 1.2961842949521838
-82.2404456011 225.312 -0.5790024188048051
-80.2611213525 225.61 -0.3200899088390372
-78.2817709793 225.26 -0.7090613186742587
-76.3023944809 227.619 1.6110998083015886
-74.3229918569 225.947 -0.09959047121077447
-72.3435631066 228.203 2.1178834995155853
-70.3641082297 225.48 -0.6434630228056051
-68.3846272256 227.465 1.3033848184598469
-66.4051200937 226.356 0.1564414798194207
-64.4255868336 225.284 -0.9532789823951191
-62.4460274447 228.153 1.8782370879117707
-60.4664419265 224.469 -1.842997053447931
-58.4868302785 227.35 1.0010314489995835
-56.5071925002 226.558 0.17233505033684082
-54.527528591 225.789 -0.6330741947995193
-52.5478385505 227.72 1.2618153677337887
-50.5681223781 224.63 -1.8639850084736338
-48.5883800733 227.756 1.2265355295668314
-46.6086116357 227.812 1.2473874341897044
-44.6288170645 228.796 2.196580757013578
-42.6489963594 230.084 3.4501251489043625
-40.66914952 231.347 4.679029859911196
-38.6892765454 233.292 6.590303739207172
-36.7093774355 234.353 7.617955235058389
-34.7294521894 236.567 9.798992394743806
-32.7495008068 238.925 12.124422864526025
-30.7695232873 240.815 13.98225388958619
-28.7895196301 248.085 21.220492313966588
-26.8094898349 252.286 25.39014458053194
-24.829433901 262.068 35.14121673090219
-22.849351828 269.353 42.39571440541053
-20.8692436154 279.213 52.225642843043886
-18.8891092626 290.111 63.094006881390186
-16.9089487692 300.024 72.97781095658993
-14.9287621345 313.351 86.27605910327549
-12.9485493582 326.744 99.64075495452855
-10.9683104397 333.749 106.61790174181664
-8.98804537832 339.011 111.85250229494372
-7.00775417381 334.942 107.75655904200389
-5.02743682541 337.065 109.85307400931558
-3.04709333275 329.534 102.29604882138057
-1.06672369532 311.617 84.35348470082394
0.913672087474 293.855 66.56638246834163
2.8940940161 274.625 47.31174254265025
4.87454209111 258.608 31.270564940431285
6.85501631302 247.491 20.12984927627943
8.83551668228 239.961 12.576594762649904
10.8160431995 235.991 8.583800209802632
12.7965958652 232.267 4.8374640257522685
14.7771746798 230.064 2.6125842162149127
16.7577796439 229.335 1.8621583845520604
18.7384107579 228.772 1.2781837317215263
20.7190680226 228.138 0.6236570562180646
22.6997514381 227.923 0.38857475403165154
24.6804610053 227.629 0.0749328185789011
26.6611967246 227.021 -0.5522731593367212
28.6419585963 227.501 -0.09104799158225774
30.6227466213 228.944 1.3336031072448122
32.6035607998 227.168 -0.46032548022390074
34.5844011325 228.104 0.4581602258075179
36.5652676198 232.01 0.0
38.5461602623 235.274 0.0
40.5270790605 229.387 1.6910368593040914
42.5080240148 228.713 1.0011114788378848
44.488995126 228.612 0.8845642465354331
46.4699923943 226.375 -1.3676132759048585
48.4510158204 228.757 0.9995700700083603
50.4320654049 226.352 -1.4198949604890174
52.4131411481 228.001 0.21498198453159034
54.3942430506 226.097 -1.7028091463661497
56.375371113 227.852 0.03872119196549306
58.3565253356 228.825 0.9985621412072021
60.3377057192 227.956 0.11670243951391512
62.3189122641 228.687 0.8351304214683637
64.3001449711 226.556 -1.308165981978874
66.2814038403 228.477 0.6008007564451532
68.2626888726 227.441 -0.44698223972687856
70.2440000683 228.815 0.9154717492528732
72.225337428 226.107 -1.803850960711486
74.2067009522 228.372 0.450035542389827
76.1880906414 226.62 -1.3128832333819673
78.1695064961 229.561 1.6173778160329277
80.1509485169 227.529 -0.4251966093611941
82.1324167042 226.374 -1.5906222136671602
84.1139110587 227.274 -0.7009151051507843
86.0954315808 229.442 1.456908203708906
88.0769782709 227.183 -0.8121692038351966
90.0585511298 228.188 0.18283535114647975
92.0401501578 228.851 0.8359041432113941
94.0217753555 227.203 -0.8219809575125794
96.0034267233 228.01 -0.024838485377813413
97.9851042619 227.309 -0.7356873792726617
99.9668079718 228.917 0.8624530173273968
101.948537853 226.321 -1.743437043691813
103.930293907 227.557 -0.5173777151465515
105.912076134 229.028 0.9436104454054544
107.893884534 228.816 0.7215064756061338
109.875719108 226.795 -1.3097109917622731
111.857579856 228.622 0.5069362711796543
113.839466779 227.786 -0.33957391265536785
115.821379877 230.104 1.9677358746360198
117.803319151 226.991 -1.1561573541163739
119.785284602 227.299 -0.8592769912044105
121.76727623 229.289 1.1193531659106668
123.749294035 228.356 0.17470891453959325
125.731338018 230.077 1.8837656467055695
127.71340818 227.6 -0.6055016509035624
129.69550452 229.384 1.1658816030241326
131.67762704 227.672 -0.5591104156602
133.659775741 228.886 0.6414960634050146
135.641950622 227.758 -0.5003255949537504
137.624151683 229.01 0.7373975684817822
139.606378927 227.179 -1.1083618927477517
141.588632352 229.003 0.7003681692256976
143.570911961 227.738 -0.580440503530042
145.553217752 227.793 -0.5418165747239811
147.535549727 228.693 0.34121088603353655
149.517907886 227.432 -0.9373875967743288
151.50029223 227.051 -1.3366419046495537
153.48270276 227.294 -1.1125823251244924
155.465139475 226.144 -2.2822395517954703
157.447602376 227.326 -1.1206446844142022
159.430091464 229.53 1.062170771076694
161.41260674 230.236 1.746174902489912
163.395148203 228.928 0.41533539136366926
165.377715854 230.417 1.8806195128636318
167.360309695 227.98 -0.5810058642622664
169.342929725 226.726 -1.860574277687192
171.325575945 228.797 0.18388032837987112
173.308248355 231.067 2.4263236031784743
