vel Tant_raw Tant_corr
-238.170470447 215.755 1.1329832900848373
-236.193338822 215.97 1.392649502661726
-234.216181116 213.705 -0.8310400083771867
-232.238997329 214.578 0.07999738368454246
-230.261787459 214.201 -0.2621564996158554
-228.284551506 215.017 0.5855793578961084
-226.307289471 215.469 1.0662851669550548
-224.330001351 219.907 0.0
-222.352687147 222.436 0.0
-220.375346858 212.955 -1.3789876725442127
-218.397980484 215.322 1.0053839380324519
-216.420588024 212.91 -1.39188553121636
-214.443169477 214.828 0.5382792956509661
-212.465724844 213.449 -0.8310470116113606
-210.488254123 212.283 -1.9897906895155302
-208.510757314 212.825 -1.442878780974496
-206.533234417 213.683 -0.5822391353955538
-204.555685431 213.763 -0.501800408787318
-202.578110355 213.21 -1.056492063870877
-200.600509189 215.782 1.5117556298161219
-198.622881933 213.659 -0.6169884041857188
-196.645228585 215.532 1.2483439506269747
-194.667549147 214.036 -0.2571799963646413
-192.689843616 214.366 0.061506256954828586
-190.712111992 215.829 1.511468405361569
-188.734354276 214.403 0.07077133618361131
-186.756570465 210.44 -3.9085208708456207
-184.778760561 214.877 0.5106550563745884
-182.800924562 214.728 0.3423615821333783
-180.823062468 215.085 0.6786603628515593
-178.845174278 213.872 -0.5563877530526895
-176.867259991 213.488 -0.9637227252618743
-174.889319609 216.94 2.463714678372071
-172.911353129 216.311 1.8089828816233364
-170.933360551 214.221 -0.30786050011846555
-168.955341875 213.997 -0.5597586599897681
-166.9772971 217.09 2.5043444002248236
-164.999226225 216.304 1.6885038699985842
-163.021129251 214.055 -0.5912258700128348
-161.043006177 214.32 -0.35779124813888075
-159.064857002 215.717 1.0068604982279226
-157.086681725 215.395 0.6517813225248403
-155.108480347 214.71 -0.06697763105330523
-153.130252866 212.873 -1.9383660277459285
-151.151999282 213.972 -0.8743343422490568
-149.173719595 214.855 -0.026833858855752624
-147.195413804 215.044 0.12618332841850588
-145.217081908 214.256 -0.6982356842542288
-143.238723907 214.806 -0.18504461060217636
-141.260339801 215.722 0.6938020256205846
-139.281929589 214.727 -0.3386511094917637
-137.30349327 215.945 0.8416398399143361
-135.325030844 215.945 0.8037179193640327
-133.346542311 215.74 0.5606253639280965
-131.368027669 212.897 -2.320596401923126
-129.389486919 216.845 1.589093235669651
-127.41092006 216.146 0.8517340797509121
-125.432327091 214.77 -0.5626348775181782
-123.453708012 215.546 0.1750245450521959
-121.475062823 213.992 -1.4172502824458775
-119.496391522 214.708 -0.7394228011640394
-117.517694109 216.0 0.5145427364724924
-115.538970585 215.642 0.1186812666379069
-113.560220947 214.416 -1.1449730860969112
-111.581445196 214.627 -0.9713870087186933
-109.602643332 215.026 -0.6095279999750005
-107.623815353 216.016 0.3436356295004259
-105.644961259 215.004 -0.7048652428443063
-103.66608105 216.464 0.7189994483750866
-101.687174726 215.885 0.104258956371865
-99.7082422846 213.689 -2.1270582779617087
-97.7292837265 216.188 0.3370753739371253
-95.7502990511 216.158 0.27268672811499073
-93.7712882577 217.349 1.4298017880166185
-91.792251346 219.089 3.1364457443863216
-89.8131883153 217.107 1.1216429751465284
-87.8340991651 217.513 1.495417045301025
-85.854983895 218.373 2.3237907068252355
-83.8758425043 219.285 3.2047858985528705
-81.8966749927 221.494 5.383423746079245
-79.9174813595 222.294 6.153724561641468
-77.9382616042 222.302 6.132707844020274
-75.9590157265 223.411 7.213392278432337
-73.9797437256 223.925 7.699795736412625
-72.0004456011 225.978 9.72593527571999
-70.0211213525 226.026 9.74782714022237
-68.0417709793 225.865 9.56148675979074
-66.0623944809 228.665 12.336928750190339
-64.0829918569 233.4 17.048166912976967
-62.1035631066 237.284 20.90921423538316
-60.1241082297 242.599 26.202082890219145
-58.1446272256 248.129 31.710784235756904
-56.1651200937 247.983 31.54432881562633
-54.1855868336 254.477 38.0187263587095
-52.2060274447 258.339 41.86198577902911
-50.2264419265 264.267 47.77211517564376
-48.2468302785 271.181 54.66912183253942
-46.2671925002 276.124 59.59601221852171
-44.287528591 280.457 63.9137919871074
-42.3078385505 287.041 70.48346597641952
-40.3281223781 286.945 70.37403820907608
-38.3483800733 282.637 66.053511892085
-36.3686116357 280.623 64.02788941673617
-34.3888170645 279.632 63.02617235849087
-32.4089963594 276.627 60.01136147687919
-30.42914952 274.73 58.10545671538878
-28.4492765454 276.162 59.52945720135557
-26.4693774355 276.09 59.4503612458619
-24.4894521894 273.658 57.012166343622
-22.5095008068 273.036 56.384869172879405
-20.5295232873 274.756 58.10046559529681
-18.5495196301 276.589 59.92995065584785
-16.5694898349 280.767 64.10531858271099
-14.589433901 280.044 63.38056278716036
-12.609351828 276.415 59.75067586345884
-10.6292436154 270.915 54.25064958874955
-8.64910926259 263.263 46.59947492294839
-6.66894876922 255.231 38.569142008636135
-4.68876213455 247.314 30.654640170950643
-2.7085493582 237.363 20.706957917478746
-0.728310439672 228.109 11.457082938148517
1.25195462168 223.319 6.672002105121692
3.23224582619 220.718 4.076701472684931
5.21256317459 219.215 2.580166277143377
7.19290666725 218.581 1.9533809367108006
9.17327630468 217.627 1.0073290514031044
11.1536720875 216.066 -0.5450065970696301
13.1340940161 217.121 0.5193559545876383
15.1145420911 214.127 -2.46460214885127
17.095016313 216.682 0.10109941875691675
19.0755166823 214.797 -1.7725598351826761
21.0560431995 217.779 1.2213987778889646
23.0365958652 214.279 -2.266046872422578
25.0171746798 215.23 -1.301919735575126
26.9977796439 215.562 -0.95624358019532
28.9784107579 216.144 -0.3600429941893424
30.9590680226 215.933 -0.5563433848467128
32.9397514381 216.414 -0.06017097895636425
34.9204610053 214.16 -2.2985528229035026
36.9011967246 215.366 -1.0765167827875928
38.8819585963 215.55 -0.8760915445275828
40.8627466213 216.683 0.27369338603602955
42.8435607998 217.418 1.0258076830222365
44.8244011325 217.165 0.7902202004112837
46.8052676198 231.61 0.0
48.7861602623 228.879 0.0
50.7670790605 216.574 0.2529233103655315
52.7480240148 215.014 -1.2887991574914395
54.728995126 215.137 -1.147391440978339
56.7099923943 215.157 -1.1088896092475125
58.6910158204 219.305 0.0
60.6720654049 215.815 -0.41375198133286517
62.6531411481 215.933 -0.2771924283819942
64.6342430506 216.217 0.025308753107992743
66.615371113 215.808 -0.36528861159382586
68.5965253356 217.513 1.3579744813379193
70.5777057192 217.102 0.9650562141836474
72.5589122641 216.732 0.6129139475615943
74.5401449711 217.399 1.2975042203285625
76.5214038403 219.747 0.0
78.5026888726 215.863 -0.20429557004075605
80.4840000683 215.806 -0.24477666527150177
82.465337428 215.5 -0.534707285523325
84.4467009522 215.739 -0.2801350023964915
86.4280906414 216.743 0.7388917900928789
88.4095064961 216.204 0.21432387540448872
90.3909485169 216.927 0.9511112143660512
92.3724167042 214.923 -1.0397970549369688
94.3539110587 216.092 0.14154738273339262
96.3354315808 215.118 -0.8209079803446002
98.3169782709 214.402 -1.526216474958602
100.29855113 215.882 -0.03643225506789349
102.280150158 217.107 1.1973897020795903
104.261775355 215.242 -0.6598064041534428
106.243426723 216.739 0.8439228021026395
108.225104262 216.295 0.4055198731005305
110.206807972 216.425 0.5399265373773687
112.188537853 216.262 0.380083699646093
114.170293907 215.194 -0.6860685593114795
116.152076134 215.412 -0.4675909827597877
118.133884534 214.852 -1.0285451381127473
120.115719108 215.686 -0.19699341704375684
122.097579856 216.096 0.20900096440684024
124.079466779 216.131 0.23837396572054104
126.061379877 216.246 0.34606072179639114
128.043319151 216.358 0.44899554283654197
130.025284602 215.773 -0.1468880857607644
132.00727623 217.184 1.251342496497017
133.989294035 215.749 -0.1983808749151308
135.971338018 214.791 -1.173127189657066
137.95340818 216.722 0.7390337373728073
139.93550452 217.116 1.112031265950833
141.91762704 215.495 -0.5322060696305186
143.899775741 217.061 1.008249439365244
145.881950622 215.252 -0.8286753239696338
147.864151683 214.627 -1.4840543023314865
149.846378927 216.622 0.4780377356458416
151.828632352 216.418 0.23852519541111405
153.810911961 215.327 -0.8906683437793106
155.793217752 215.779 -0.47962012879062854
157.775549727 215.398 -0.9044082328886418
159.757907886 216.334 -0.015111555731266435
161.74029223 215.259 -1.1398098235402472
163.72270276 216.923 0.47141641081003627
165.705139475 216.259 -0.2485142322585716
167.687602376 215.696 -0.8706839592429674
169.670091464 216.743 0.11382419638064789
171.65260674 216.899 0.20392637404791003
173.635148203 215.544 -1.220462113930978
175.617715854 217.254 0.4165732173869401
177.600309695 218.542 1.627946025490445
179.582929725 218.978 1.9835691404610714
181.565575945 216.739 -0.3396454353240017
183.548248355 216.651 -0.5157865271839341
