vel Tant_raw Tant_corr
-208.660470447 211.279 1.2785736634242824
-206.683338822 210.726 0.6492947522251882
-204.706181116 210.313 0.1624291126303774
-202.728997329 210.146 -0.07606102427962469
-200.751787459 209.321 -0.9702131823273135
-198.774551506 209.9 -0.4580646400610533
-196.797289471 210.682 0.25934756923385294
-194.820001351 211.432 0.9469866574071375
-192.842687147 210.836 0.29081608173760287
-190.865346858 212.579 1.9757995447706094
-188.887980484 211.475 0.8159009944448599
-186.910588024 209.87 -0.842915375933643
-184.933169477 209.604 -1.1606851276283408
-182.955724844 210.222 -0.5924435763902807
-180.978254123 210.527 -0.33522579255372875
-179.000757314 210.667 -0.24106660087534237
-177.023234417 210.038 -0.9140005805550402
-175.045685431 211.301 0.30693793477601616
-173.068110355 209.7 -1.3342851428872677
-171.090509189 209.46 -1.6127036558728207
-169.112881933 210.574 -0.5353512008211396
-167.135228585 209.523 -1.621261128687138
-165.157549147 209.27 -1.9074665446007089
-163.179843616 211.401 0.19199969200906253
-161.202111992 210.504 -0.7348950324148404
-159.224354276 211.354 0.08681691443501904
-157.246570465 210.887 -0.40689658930654105
-155.268760561 212.499 1.1799325804823582
-153.290924562 210.821 -0.5217272061804294
-151.313062468 210.545 -0.8199073332683042
-149.335174278 212.226 0.8403610612491264
-147.357259991 212.83 1.425047085451439
-145.379319609 211.681 0.25812009352625864
-143.401353129 212.391 0.9515496857272865
-141.423360551 210.444 -1.0106942915170976
-139.445341875 212.951 1.482358254398548
-137.4672971 212.438 0.9566776622832265
-135.489226225 212.864 1.3712345171910272
-133.511129251 212.435 0.9319996504631547
-131.533006177 212.645 1.1329441397377593
-129.554857002 213.918 2.398039308995749
-127.576681725 214.432 2.905256728593514
-125.598480347 213.972 2.43956821530071
-123.620252866 214.233 2.6959458323171077
-121.641999282 216.222 4.681361889321039
-119.663719595 217.663 6.1197889424947505
-117.685413804 218.387 6.842199794556564
-115.707081908 221.911 10.365567494796124
-113.728723907 223.965 12.419865339106508
-111.750339801 225.708 14.164066870015603
-109.771929589 226.966 15.424145876719962
-107.79349327 227.246 15.707076395118122
-105.815030844 226.696 15.160832707841024
-103.836542311 226.227 14.696389344285251
-101.858027669 224.351 12.825721080651448
-99.8794869195 220.799 9.279802939963048
-97.9009200603 221.545 10.03261019211834
-95.9223270915 220.884 9.379118353906307
-93.9437080125 223.486 11.989303189047916
-91.9650628228 223.73 12.242140708226572
-89.986391522 225.559 14.080607169120526
-88.0076941095 227.469 16.000679076437024
-86.0289705847 229.369 17.911333181944315
-84.0502209472 232.256 20.80954648450316
-82.0714451964 234.422 22.98729623010169
-80.0926433319 238.933 27.510559911885878
-78.1138153531 243.042 31.63231527019471
-76.1349612595 245.829 34.43254029259106
-74.1560810505 247.77 36.38721321389576
-72.1771747257 247.85 36.48131251621831
-70.1982422846 252.251 40.89681692899157
-68.2192837265 257.082 45.74270542900541
-66.2402990511 262.074 50.74995724043504
-64.2612882577 265.675 54.36655183487966
-62.282251346 268.14 56.84746893138919
-60.3031883153 268.576 57.29968849650328
-58.3240991651 267.397 56.13719074427922
-56.344983895 264.143 52.8999561363257
-54.3658425043 260.861 49.634965381838725
-52.3866749927 255.276 44.067199437628574
-50.4074813595 250.011 38.8196395081593
-48.4282616042 245.402 34.228267045576615
-46.4490157265 241.703 30.547063749740346
-44.4697437256 237.816 26.67801156826357
-42.4904456011 236.855 25.735092696537464
-40.5111213525 235.745 24.643289577768428
-38.5317709793 233.616 22.532584903010076
-36.5523944809 228.838 17.772961611196934
-34.5729918569 228.025 16.978402889174504
-32.5935631066 228.178 17.149892171736695
-30.6141082297 232.155 21.145413141652114
-28.6346272256 235.839 24.84794972970343
-26.6551200937 244.715 33.742486114717394
-24.6755868336 254.197 43.243006723595755
-22.6960274447 263.925 52.98949623135195
-20.7164419265 271.356 60.4389395611409
-18.7368302785 275.068 64.16932188429305
-16.7571925002 275.669 64.788628620347
-14.777528591 276.101 65.2388454370834
-12.7978385505 272.662 61.81795825055491
-10.8181223781 271.869 61.042953225122886
-8.83838007332 263.316 52.50781677348698
-6.85861163566 252.675 41.88453555671984
-4.87881706451 241.798 31.02509648430015
-2.89899635944 231.413 20.65748671414326
-0.919149519952 223.145 12.406693652636221
1.0607234546 218.889 8.167704954671194
3.04062256455 215.628 4.9235085236745135
5.02054781062 212.319 1.6310925116454484
7.00049919315 212.27 1.5984453191826447
8.98047671273 211.795 1.1395555955220686
10.9604803699 212.378 1.738412238567804
12.9405101651 210.52 -0.10399560507576666
14.920566099 209.718 -0.8906785400685067
16.900648172 209.864 -0.7296469223052213
18.8807563846 210.714 0.1350891411198063
20.8608907374 209.669 -0.8954802080541526
22.8410512308 210.709 0.1586354207763918
24.8212378655 210.901 0.3644266671155947
26.8014506418 209.179 -1.3441155806036988
28.7816895603 209.647 -0.8630001849820985
30.7619546217 210.899 0.40176424037767333
32.7422458262 210.769 0.28416933089982876
34.7225631746 209.57 -0.9027930289244068
36.7029066673 211.785 1.323869294489782
38.6832763047 210.896 0.44614868385627915
40.6636720875 210.936 0.49703777105264635
42.6440940161 210.863 0.4345294371495072
44.6245420911 210.217 -0.20138318755346063
46.605016313 209.19 -1.218706723496524
48.5855166823 209.177 -1.2224475418260852
50.5660431995 208.602 -1.7886117643619457
52.5465958652 210.921 0.5387947364360457
54.5271746798 210.745 0.37076633749984467
56.5077796439 210.358 -0.008702334812284107
58.4884107579 210.108 -0.25161640468434143
60.4690680226 209.839 -0.5139807468075617
62.4497514381 210.073 -0.27379998635103675
64.4304610053 209.353 -0.9880784989239544
66.4111967246 209.865 -0.47082041054673596
68.3919585963 209.856 -0.47502959761661145
70.3727466213 211.052 0.7252903131269761
72.3535607998 220.398 0.0
74.3344011325 216.667 0.0
76.3152676198 219.371 0.0
78.2961602623 219.56 0.0
80.2770790605 212.12 1.8077168782232889
82.2580240148 210.113 -0.19785080079373074
84.238995126 210.134 -0.17590777603254537
86.2199923943 212.527 2.217544324204482
88.2010158204 211.702 1.3925041215685212
90.1820654049 210.727 0.4169704876969149
92.1631411481 210.251 -0.06005745575356514
94.1442430506 211.37 1.0574196629261223
96.125371113 211.152 0.8374014655303199
98.1065253356 210.252 -0.06511217602792385
100.087705719 210.379 0.058878860315587644
102.068912264 210.871 0.5473749468090716
104.050144971 210.198 -0.1296232940812274
106.03140384 212.048 1.7158850103625127
108.012688873 208.987 -1.3500990168629983
109.994000068 209.225 -1.1175740024344236
111.975337428 211.458 1.1094616773081043
113.956700952 210.449 0.09400989641824253
115.938090641 210.434 0.072072779359587
117.919506496 210.632 0.26265270104423166
119.900948517 210.044 -0.3332477131302767
121.882416704 211.229 0.8433744127491138
123.863911059 210.23 -0.16447779486529157
125.845431581 210.458 0.054199041073189846
127.826978271 210.244 -0.16959145178347512
129.80855113 209.699 -0.7248453951363842
131.790150158 209.991 -0.44355866000125843
133.771775355 211.119 0.6732731333200945
135.753426723 210.34 -0.11734538473908174
137.735104262 210.731 0.26159066704508405
139.716807972 211.368 0.8860864207096881
141.698537853 210.243 -0.25185274086189224
143.680293907 210.087 -0.4212211839207214
145.662076134 211.14 0.617986976207078
147.643884534 211.123 0.5867778751409674
149.625719108 209.236 -1.3148421005284945
151.607579856 210.323 -0.24286631319199614
153.589466779 211.399 0.8177121257966462
155.571379877 210.361 -0.2360996438309826
157.553319151 210.521 -0.09229423124054392
159.535284602 211.242 0.6121360055458638
161.51727623 210.51 -0.1368010403086828
163.499294035 210.866 0.20190277556946512
165.481338018 211.088 0.40625584878847576
167.46340818 210.464 -0.23573317376730074
169.44550452 209.607 -1.1110553938857777
171.42762704 210.587 -0.14970166203954705
173.409775741 211.352 0.5963374226832343
175.391950622 210.445 -0.3299284873772308
177.374151683 209.596 -1.198489488447649
179.356378927 209.595 -1.2193354253093958
181.338632352 211.722 0.8875441088143532
183.320911961 210.328 -0.5268402278083215
185.303217752 209.475 -1.4004775252834634
187.285549727 210.155 -0.7413566221502208
189.267907886 209.996 -0.9214661052859014
191.25029223 210.624 -0.3147943099041015
193.23270276 211.069 0.10867068048901274
195.215139475 210.777 -0.20505896585024175
197.197602376 209.634 -1.3699708289132104
199.180091464 210.605 -0.42105223688443516
201.16260674 212.537 1.4887097338918238
203.145148203 211.985 0.9143282589672026
205.127715854 211.52 0.42681676577774397
207.110309695 210.267 -0.848811066312237
209.092929725 211.813 0.6744586940689317
211.075575945 212.509 1.3476402302764257
213.058248355 211.991 0.8067479777165261
