DATE 2017:115:20:34:21 obsn 146 az 110 el 69 freq_MHz  1424.0000 Tsys 158.644 Tant 331.898 vlsr   35.36 glat -5.585 glon 184.690 azoff -13.93 eloff 0.00 source Crab 
Fstart 1422.997 fstop 1425.003 spacing 0.009375 bw    2.400 fbw    2.000 MHz nfreq 256 nsam 5242880 npoint 214 integ     3 sigma    1.810 bsw 3
Spectrum      3 integration periods
 494.008  494.540  489.562  488.397  486.538  493.358  487.710  486.221  484.434  481.516  488.906  486.242  486.481  483.026  483.123  484.298  482.001  479.979  484.277  481.263  482.581  485.222  481.932  480.827  486.432  479.582  480.653  486.933  485.761  487.523  483.564  484.982  490.450  485.047  486.548  487.523  487.286  488.757  487.472  488.046  490.947  482.825  490.990  493.447  488.417  488.109  487.132  487.492  484.508  492.779  488.599  488.810  487.339  492.752  488.209  487.789  484.568  487.293  486.684  487.580  486.181  486.944  488.352  481.274  488.312  483.607  492.058  483.768  485.843  486.133  488.823  480.784  484.646  482.853  482.442  482.929  484.401  482.025  483.507  478.451  483.163  488.107  489.579  480.148  490.200  488.379  486.929  485.382  484.338  489.172  491.583  490.392  485.247  487.354  487.447  482.011  488.900  480.886  486.646  487.772  485.434  491.066  489.385  491.362  491.597  487.933  494.237  494.029  490.028  487.932  491.110  491.402  490.547  485.651  491.659  487.948  486.219  493.642  486.484  486.537  491.462  481.532  486.510  489.012  488.673  484.257  483.455  484.056  478.129  482.759  484.292  482.690  482.957  486.009  484.861  490.840  486.025  484.557  483.850  487.141  490.418  486.059  487.036  485.543  482.319  488.091  485.377  488.913  489.802  486.012  486.181  488.094  485.266  487.225  489.713  496.545  485.366  490.010  487.127  490.267  487.188  483.496  487.362  485.486  485.094  491.589  483.206  484.904  483.669  485.691  486.213  485.035  481.024  480.345  483.674  478.903  483.016  479.142  482.555  478.271  479.998  480.668  479.188  478.677  484.820  477.641  480.064  482.330  481.986  483.422  489.560  483.875  485.251  478.436  480.004  481.580  482.197  483.627  483.716  481.648  483.490  483.542  485.054  491.145  479.174  487.431  486.663  480.895  481.684  479.890  485.010  492.988  484.003  482.337 
DATE 2017:115:20:34:48 obsn 147 az 124 el 69 freq_MHz  1424.0000 Tsys 158.644 Tant 311.478 vlsr   35.36 glat -5.585 glon 184.690 azoff 0.00 eloff 0.00 source Crab 
Fstart 1422.997 fstop 1425.003 spacing 0.009375 bw    2.400 fbw    2.000 MHz nfreq 256 nsam 5242880 npoint 214 integ    14 sigma    0.870 bsw 4
Spectrum     13 integration periods
  -7.119   -8.418   -7.387   -6.963   -8.091   -4.655   -2.924   -4.616   -3.270   -3.765   -5.415   -6.027   -5.153   -5.021   -4.276   -1.676   -2.746   -4.520   -1.733   -4.558   -5.363   -2.861   -4.371   -1.441   -4.320   -3.309   -1.476   -1.958   -4.573   -3.252   -2.920   -6.682   -4.438   -5.631   -2.650   -4.762   -3.525   -6.316   -2.750   -5.166   -3.254   -7.465   -3.905   -4.341   -7.005   -6.641   -7.339   -5.970   -8.186   -3.906   -6.607   -7.944   -6.110   -9.248   -6.513   -5.864   -5.187  -10.648   -5.003   -5.987   -6.050   -4.449   -4.563   -6.282   -5.446   -5.599   -5.572   -5.927   -4.545   -3.458   -2.108   -4.438   -3.946   -5.727   -3.238   -5.311   -3.506   -5.321   -7.464   -4.928   -7.102   -4.298   -5.255   -4.541   -7.585   -2.594   -2.156   -6.025   -3.789   -3.786   -4.896   -4.708   -2.504   -6.817   -3.772   -5.433   -9.388   -2.962   -4.982   -4.939   -4.486  -10.848   -6.562   -8.487   -9.148   -9.165   -7.868   -8.668   -7.736   -7.000   -6.606   -7.513   -6.548   -9.956   -8.134   -5.642   -7.903   -8.874   -5.784   -6.448   -4.228   -8.700   -6.975   -7.844   -5.468   -4.658   -4.829   -6.464   -3.708   -7.249   -7.702   -6.186   -4.069   -4.344   -2.754   -5.891   -8.023   -6.339   -6.886   -4.204   -7.028   -5.289   -8.723   -6.940   -5.407   -7.088   -6.889   -6.643   -9.504   -5.741   -6.745   -5.336   -8.238   -6.260   -6.550   -6.903   -6.937   -6.789   -9.469   -8.858   -8.773   -9.697   -6.611   -7.809   -5.751   -6.336   -6.012   -5.812   -4.199   -7.279   -7.823   -5.072   -8.483   -7.651   -5.483   -5.113   -4.191   -5.103   -3.123   -4.196   -7.477   -5.297   -5.420   -5.760   -4.504   -3.506   -8.095   -4.526   -5.980   -6.128   -7.190   -4.005   -5.315   -6.203   -6.473   -5.731   -3.603   -5.505   -5.213   -6.390   -7.637   -5.204   -7.014   -7.864   -5.486   -6.549   -6.495   -7.218   -5.939   -8.916   -4.854   -3.570   -7.667   -6.593 
DATE 2017:115:20:35:15 obsn 148 az 138 el 69 freq_MHz  1424.0000 Tsys 158.644 Tant 344.110 vlsr   35.36 glat -5.585 glon 184.690 azoff 14.03 eloff 0.00 source Crab 
Fstart 1422.997 fstop 1425.003 spacing 0.009375 bw    2.400 fbw    2.000 MHz nfreq 256 nsam 5242880 npoint 214 integ    25 sigma    0.654 bsw 5
Spectrum     23 integration periods
 498.369  494.872  494.940  492.099  491.220  492.799  492.964  493.846  491.623  491.891  491.468  489.560  490.020  488.430  489.034  491.208  488.953  488.630  491.712  489.866  489.874  490.270  490.728  490.476  489.939  488.859  488.984  490.195  490.611  490.145  489.164  490.067  491.528  490.415  490.070  488.150  491.088  491.313  491.241  490.374  491.167  489.315  489.948  492.330  492.241  489.407  491.078  488.097  489.322  492.476  489.606  490.361  489.213  491.583  490.032  490.718  490.632  491.138  491.128  490.990  490.538  489.568  490.410  488.295  487.677  487.577  489.215  487.831  486.204  487.798  489.265  487.141  485.647  487.808  485.567  486.756  487.175  488.162  487.689  488.010  488.474  487.793  488.684  489.684  489.920  489.591  488.810  489.363  488.322  488.318  488.666  489.243  487.858  488.153  489.081  486.778  488.387  487.977  487.853  490.185  488.362  488.757  488.069  488.624  487.205  488.159  492.270  490.471  489.846  486.895  486.419  488.123  487.849  488.000  486.974  486.369  483.404  486.274  486.951  484.976  486.610  483.948  486.199  486.354  484.528  485.837  484.865  485.110  485.143  484.912  486.326  484.285  485.222  483.547  486.174  487.958  485.625  486.878  485.473  486.570  486.773  485.844  486.316  486.390  484.400  486.764  487.703  488.942  485.307  484.930  485.692  486.704  484.904  485.553  485.919  485.400  484.600  484.564  484.646  484.887  484.394  483.688  483.587  483.036  482.285  481.416  480.741  482.446  481.626  482.647  480.223  479.975  479.575  477.117  480.483  477.861  480.007  477.844  479.172  477.966  480.196  479.269  478.859  478.699  478.933  477.129  477.548  478.920  478.372  478.631  483.047  479.985  481.282  478.019  477.254  478.448  478.652  479.984  482.005  480.803  479.912  479.413  479.397  479.932  477.048  480.702  482.604  478.278  476.016  476.687  478.536  481.826  477.481  479.031 
DATE 2017:115:20:35:28 obsn 149 az 138 el 69 freq_MHz  1424.0000 Tsys 158.644 Tant 298.745 vlsr   35.36 glat -5.585 glon 184.690 azoff 14.03 eloff 0.00 source Crab 
Fstart 1422.997 fstop 1425.003 spacing 0.009375 bw    2.400 fbw    2.000 MHz nfreq 256 nsam 5242880 npoint 214 integ    36 sigma    0.546 bsw 5
Spectrum     33 integration periods
   3.619    3.294    3.193    4.679    4.387    4.366    4.356    4.482    4.798    4.617    6.271    4.611    5.735    5.594    4.763    6.296    6.255    6.498    6.234    5.743    5.325    6.025    5.674    6.433    5.369    5.888    6.275    5.005    6.351    5.252    5.208    5.421    5.930    5.022    5.524    4.685    5.163    4.217    4.989    4.645    4.324    3.358    4.851    3.964    4.926    4.188    4.102    2.889    3.479    4.593    3.458    2.954    3.632    3.616    3.907    3.972    3.847    3.010    4.559    3.507    3.967    3.642    3.536    4.194    3.733    4.384    3.527    5.097    3.691    4.670    5.197    5.385    4.137    5.258    5.122    3.810    6.369    6.255    3.839    4.720    4.519    4.281    3.617    5.544    4.088    5.684    5.425    4.439    4.922    4.643    3.718    4.478    4.508    4.388    4.964    3.369    2.595    5.020    3.499    4.252    3.734    2.131    3.245    2.844    2.597    1.905    1.321    1.649    3.449    3.151    3.512    2.727    2.325    2.148    2.493    2.477    2.310    2.637    3.407    2.742    3.257    2.304    3.567    2.495    2.531    4.579    3.836    3.091    4.812    3.838    3.780    3.294    3.871    3.551    3.941    4.018    2.926    3.729    4.201    4.347    3.129    3.718    3.137    3.663    3.357    3.872    3.874    5.589    2.427    2.192    3.264    3.599    3.162    2.702    2.244    1.644    2.383    1.258    1.925    1.438    1.786    0.762    0.941    1.816    1.661    2.698    1.594    2.282    2.490    2.107    1.547    1.325    3.059    1.793    2.462    2.947    2.979    2.475    3.574    2.429    3.245    2.948    3.693    2.511    3.220    3.046    2.826    2.992    3.293    2.823    2.150    2.748    3.935    2.134    1.615    2.635    2.396    2.723    3.057    3.073    2.492    2.869    1.209    1.840    2.440    1.650    1.889    1.083    1.800    0.739    2.135    2.247    0.514    1.400 
DATE 2017:115:20:36:03 obsn 150 az 125 el 69 freq_MHz  1424.0000 Tsys 158.644 Tant 329.649 vlsr   35.36 glat -5.585 glon 184.690 azoff 0.00 eloff 0.00 source Crab 
Fstart 1422.997 fstop 1425.003 spacing 0.009375 bw    2.400 fbw    2.000 MHz nfreq 256 nsam 5242880 npoint 214 integ    47 sigma    0.478 bsw 6
Spectrum     43 integration periods
   5.310    5.250    5.040    6.772    6.151    5.859    6.047    6.230    6.673    6.201    7.572    6.779    6.928    7.232    6.538    7.540    7.721    8.173    7.294    7.478    6.829    8.344    7.567    7.553    6.842    7.993    8.329    6.954    7.965    6.894    7.492    6.816    7.670    6.026    7.054    6.381    6.570    5.921    6.764    6.516    5.906    5.383    6.832    5.472    6.295    5.465    5.668    4.921    5.630    5.684    5.067    4.458    5.135    5.486    5.472    5.238    4.541    4.524    5.736    4.762    4.843    5.223    5.384    5.561    5.115    5.649    5.061    5.893    5.583    6.194    6.232    6.562    5.997    6.327    6.390    5.305    6.905    6.774    5.171    5.632    5.437    6.526    5.337    6.109    6.163    6.558    6.609    5.621    5.444    6.016    4.941    5.393    5.605    5.360    6.319    4.658    3.830    5.735    4.868    4.805    4.582    3.255    4.083    3.642    3.806    2.601    2.436    2.697    4.416    4.409    4.326    3.768    2.622    3.044    3.373    3.391    3.907    3.636    3.707    3.430    3.565    2.973    4.124    3.633    3.372    5.225    4.591    3.634    5.176    4.265    4.311    3.731    4.439    3.957    4.290    4.445    3.527    4.040    4.529    4.749    4.118    3.922    3.471    3.945    3.726    3.543    3.729    5.051    3.106    2.985    3.427    3.208    3.090    3.091    2.661    2.137    2.504    1.474    2.722    1.678    2.174    1.386    1.239    2.111    2.007    2.717    1.916    2.442    3.099    2.032    1.379    1.552    2.810    2.738    2.692    3.306    3.049    2.439    3.371    2.506    2.536    2.919    3.513    2.526    3.162    2.922    3.370    3.260    3.206    2.896    2.187    2.721    3.201    2.212    2.217    2.578    2.672    2.571    2.420    2.882    1.934    1.675    1.244    1.862    2.766    1.162    1.467    0.946    1.901    0.808    1.790    0.884    0.302    0.969 
DATE 2017:115:20:36:30 obsn 151 az 111 el 69 freq_MHz  1424.0000 Tsys 158.644 Tant 315.398 vlsr   35.36 glat -5.585 glon 184.690 azoff -14.15 eloff 0.00 source Crab 
Fstart 1422.997 fstop 1425.003 spacing 0.009375 bw    2.400 fbw    2.000 MHz nfreq 256 nsam 5242880 npoint 214 integ    58 sigma    0.431 bsw 7
Spectrum     53 integration periods
   6.142    6.246    6.035    7.556    6.486    6.559    6.855    6.690    7.345    6.884    8.063    7.218    7.280    7.620    7.269    8.254    8.361    8.692    7.691    7.773    7.176    8.827    8.406    8.070    7.139    8.133    8.516    7.510    8.068    7.437    8.067    7.209    7.965    6.520    7.774    6.652    7.153    6.630    7.406    7.017    6.557    5.744    7.091    6.127    6.684    5.461    5.643    5.550    6.083    5.800    5.351    4.787    5.039    5.666    5.978    5.474    4.792    5.033    6.444    5.210    5.081    5.519    5.874    6.025    5.382    5.995    5.403    6.057    5.681    6.228    6.471    7.039    6.392    6.585    6.657    5.755    6.955    6.853    5.469    5.864    5.307    6.644    5.654    6.269    6.214    6.255    6.496    5.830    5.545    5.766    5.080    5.416    5.702    5.027    5.992    4.368    3.902    5.387    4.736    4.884    4.419    3.302    3.989    3.466    3.246    2.516    2.305    3.178    4.592    4.160    3.925    3.916    2.799    3.176    3.167    3.367    3.900    3.747    4.047    3.672    3.650    2.970    4.045    3.946    3.551    4.992    4.731    3.599    5.122    4.279    4.576    3.786    4.362    3.966    4.448    4.405    3.751    3.866    4.114    4.640    3.780    3.883    3.998    4.050    3.336    3.344    3.510    4.861    2.954    2.630    3.115    3.206    2.758    2.750    2.805    2.116    2.575    1.244    2.576    1.419    1.806    1.510    1.291    1.981    2.106    2.440    1.713    2.239    2.905    1.723    1.258    1.407    2.899    2.647    2.465    2.874    2.994    2.270    3.170    2.304    2.476    2.927    3.442    2.694    2.996    3.002    3.489    3.195    3.113    2.943    1.917    3.086    3.091    2.076    1.953    2.719    2.478    2.157    2.516    2.579    2.140    1.424    1.549    1.865    2.436    1.559    1.495    0.627    1.461    0.330    1.363    0.478   -0.055    0.549 
DATE 2017:115:20:36:57 obsn 152 az 125 el 69 freq_MHz  1424.0000 Tsys 158.644 Tant 333.742 vlsr   35.36 glat -5.585 glon 184.690 azoff 0.00 eloff 0.00 source Crab 
Fstart 1422.997 fstop 1425.003 spacing 0.009375 bw    2.400 fbw    2.000 MHz nfreq 256 nsam 5242880 npoint 214 integ    69 sigma    0.395 bsw 8
Spectrum     63 integration periods
   5.400    6.002    5.452    6.675    6.083    5.973    6.187    6.337    6.655    6.211    7.598    6.607    6.686    6.834    6.327    7.430    7.500    8.118    7.030    7.353    6.807    8.255    7.903    7.420    6.625    7.485    7.951    6.941    7.501    6.891    7.427    6.794    7.552    6.053    7.123    6.331    6.815    6.516    6.710    6.657    5.992    5.258    6.484    5.736    5.779    4.741    5.169    5.258    5.618    5.457    4.839    4.469    4.839    5.427    5.307    5.116    4.813    4.734    5.779    4.679    4.671    5.754    5.518    5.667    5.111    5.501    4.955    5.554    5.254    5.967    5.727    6.062    5.891    6.107    6.263    5.293    6.442    6.183    5.235    5.314    4.924    6.177    4.837    5.820    5.512    5.705    5.865    5.115    5.002    5.190    4.789    4.751    5.292    4.596    5.173    3.820    3.406    5.010    4.144    4.235    3.993    2.978    3.808    3.280    2.949    2.443    2.068    2.389    4.216    3.502    3.442    3.187    2.565    2.790    2.895    2.871    3.538    3.392    3.782    3.431    3.299    2.861    3.738    3.627    3.615    4.480    4.346    3.406    4.715    3.831    4.204    3.873    3.984    3.577    3.987    3.989    3.055    3.494    3.770    4.289    3.256    3.288    3.537    3.702    3.004    2.926    3.059    3.976    2.654    2.516    2.783    2.884    2.549    2.616    2.493    1.988    2.377    1.035    2.208    1.359    1.527    1.205    0.762    1.796    1.769    2.214    1.508    1.852    2.369    1.350    1.465    1.097    2.420    2.322    2.246    2.540    2.656    2.273    3.091    2.132    2.291    3.043    3.116    2.760    2.680    2.978    3.419    2.928    2.882    2.952    1.400    2.945    2.961    1.839    1.972    2.553    2.335    2.118    2.173    1.999    2.119    1.444    1.326    1.522    2.055    1.364    1.331    0.675    1.321    0.496    1.172    0.259    0.005    0.446 
DATE 2017:115:20:37:40 obsn 153 az 140 el 70 freq_MHz  1424.0000 Tsys 158.644 Tant 330.729 vlsr   35.36 glat -5.585 glon 184.690 azoff 14.26 eloff 0.00 source Crab 
Fstart 1422.997 fstop 1425.003 spacing 0.009375 bw    2.400 fbw    2.000 MHz nfreq 256 nsam 5242880 npoint 214 integ    80 sigma    0.367 bsw 9
Spectrum     73 integration periods
   4.372    4.495    4.557    5.431    4.513    4.893    4.757    4.960    5.219    5.176    6.224    5.110    5.317    5.435    5.221    6.222    6.468    6.747    5.962    6.220    5.853    7.032    6.781    6.548    5.502    6.319    6.790    6.018    6.500    5.828    6.200    5.847    6.485    5.314    6.384    5.411    5.830    5.542    5.959    5.597    5.134    4.618    5.520    5.116    4.964    3.843    4.441    4.281    4.711    4.690    4.077    3.824    4.266    4.533    4.631    4.174    4.080    4.165    4.961    3.993    3.844    4.908    4.738    4.912    4.369    4.621    4.137    4.688    4.449    5.239    5.029    5.489    5.229    5.268    5.372    4.943    5.508    5.312    4.738    4.518    4.460    5.350    4.260    5.374    5.113    5.049    5.203    4.483    4.528    4.627    4.337    4.555    4.931    4.184    4.622    3.497    3.269    4.798    3.601    3.510    3.608    2.925    3.477    2.637    2.749    2.255    1.584    2.118    3.876    3.000    2.855    2.679    2.421    2.339    2.443    2.661    3.338    2.919    3.460    2.861    2.787    2.551    3.079    3.234    3.357    3.753    3.759    2.896    4.236    3.036    3.649    3.384    3.500    3.111    3.630    3.718    2.817    3.072    3.522    3.939    3.103    3.027    3.496    3.718    2.609    2.644    3.128    3.486    2.643    2.383    2.598    2.601    2.340    2.462    2.105    1.911    2.311    1.011    2.132    1.256    1.295    1.035    0.848    1.525    1.689    1.896    1.420    1.798    2.441    1.236    1.266    1.252    2.199    2.209    1.901    2.382    2.504    2.160    2.991    2.154    2.265    2.697    2.741    2.562    2.490    3.003    3.147    2.724    3.125    2.927    1.593    2.845    3.097    1.815    1.936    2.494    2.612    2.156    2.222    1.792    2.357    1.592    1.417    1.495    2.008    1.584    1.576    0.774    1.289    0.655    1.056    0.442   -0.065    0.179 
DATE 2017:115:20:38:15 obsn 154 az 126 el 70 freq_MHz  1424.0000 Tsys 158.644 Tant 314.934 vlsr   35.36 glat -5.585 glon 184.690 azoff 0.00 eloff 0.00 source Crab 
Fstart 1422.997 fstop 1425.003 spacing 0.009375 bw    2.400 fbw    2.000 MHz nfreq 256 nsam 5242880 npoint 214 integ    91 sigma    0.344 bsw 10
Spectrum     83 integration periods
   2.908    3.231    2.879    3.968    2.855    3.353    3.060    3.461    3.760    3.619    4.607    3.620    4.064    4.072    3.892    4.721    4.756    5.260    4.380    4.750    4.468    5.623    5.308    5.415    4.548    5.377    5.569    4.779    5.214    4.483    4.870    4.676    5.289    4.460    5.184    4.194    4.563    4.327    4.565    4.389    3.940    3.658    4.178    3.860    3.785    3.020    3.500    2.989    3.620    3.346    2.883    2.897    3.190    3.406    3.433    3.241    3.168    3.065    4.019    3.042    3.100    4.312    3.956    3.874    3.444    3.770    3.359    3.838    3.647    4.314    4.178    4.604    4.251    4.215    4.328    4.003    4.668    4.576    3.846    3.686    3.587    4.441    3.523    4.689    4.270    4.455    4.509    3.423    3.757    3.812    3.768    3.780    3.935    3.272    3.825    2.792    2.615    3.880    2.800    2.787    2.957    2.237    2.892    2.094    2.183    1.951    0.882    1.378    3.108    2.463    2.241    2.046    1.927    1.632    1.901    2.055    2.647    2.296    2.783    2.283    2.119    1.980    2.518    2.626    2.717    3.196    3.191    2.284    3.500    2.281    2.967    2.723    2.834    2.536    3.286    2.688    2.304    2.341    2.857    3.385    2.748    2.458    3.048    3.173    2.042    2.220    2.472    2.844    2.156    1.809    2.278    2.147    1.901    2.072    1.872    1.385    1.929    0.617    1.825    0.856    1.126    0.956    0.802    1.033    1.388    1.539    1.184    1.362    2.143    1.025    1.097    1.206    1.919    1.909    1.622    2.402    2.436    1.630    2.628    1.988    1.981    2.502    2.463    2.296    2.333    2.614    2.739    2.622    2.769    2.737    1.886    2.619    2.779    1.884    1.975    2.274    2.484    2.255    2.053    1.872    2.203    1.476    1.155    1.420    1.865    1.294    1.448    0.713    1.228    0.681    1.153    0.549   -0.203   -0.005 
DATE 2017:115:20:38:42 obsn 155 az 111 el 70 freq_MHz  1424.0000 Tsys 158.644 Tant 314.887 vlsr   35.36 glat -5.585 glon 184.690 azoff -14.41 eloff 0.00 source Crab 
Fstart 1422.997 fstop 1425.003 spacing 0.009375 bw    2.400 fbw    2.000 MHz nfreq 256 nsam 5242880 npoint 214 integ   102 sigma    0.325 bsw 11
Spectrum     93 integration periods
   2.609    3.012    2.602    3.732    2.676    3.143    2.905    3.325    3.449    3.331    4.421    3.338    3.952    3.715    3.829    4.786    4.538    5.011    4.193    4.618    4.353    5.331    5.038    5.133    4.364    5.077    5.623    4.635    4.841    4.522    4.583    4.612    4.870    4.252    4.833    4.066    4.106    4.065    4.090    4.113    3.808    3.173    3.546    3.623    3.348    2.708    3.149    2.606    3.166    2.949    2.570    2.539    2.694    2.909    3.025    2.800    2.728    2.502    3.560    2.625    2.725    4.500    3.717    3.610    3.241    3.600    3.169    3.453    3.373    3.980    3.685    4.292    4.000    3.967    4.129    3.627    4.479    4.274    3.471    3.412    3.338    4.066    3.127    4.370    3.820    4.038    4.010    3.065    3.440    3.413    3.497    3.236    3.523    2.644    3.349    2.353    2.081    3.243    2.469    2.286    2.344    1.859    2.251    1.723    1.587    1.463    0.450    0.960    2.373    1.849    1.707    1.620    1.370    1.271    1.521    1.473    2.195    1.850    2.355    1.748    1.611    1.497    2.214    2.177    2.323    2.504    2.579    1.917    2.949    1.833    2.791    2.334    2.550    2.359    2.743    2.161    1.975    2.022    2.236    3.034    2.096    2.085    2.412    2.731    1.668    1.889    2.103    2.115    1.556    1.280    1.638    1.378    1.337    1.697    1.326    0.832    1.229    0.214    0.878    0.399    0.463    0.168    0.174    0.565    0.763    1.004    0.673    0.695    1.114    0.405    0.657    0.612    1.281    1.365    1.228    1.917    1.980    1.221    1.997    1.579    1.490    2.093    1.980    1.797    1.919    2.140    2.323    2.249    2.278    2.147    1.324    2.268    2.259    1.393    1.489    1.813    2.048    1.742    1.296    1.389    1.706    0.957    0.610    0.875    1.240    0.615    0.891    0.368    0.867    0.265    0.633    0.029   -0.644   -0.351 
DATE 2017:115:20:39:17 obsn 156 az 126 el 70 freq_MHz  1424.0000 Tsys 158.644 Tant 335.663 vlsr   35.36 glat -5.585 glon 184.690 azoff 0.00 eloff 0.00 source Crab 
Fstart 1422.997 fstop 1425.003 spacing 0.009375 bw    2.400 fbw    2.000 MHz nfreq 256 nsam 5242880 npoint 214 integ   113 sigma    0.309 bsw 12
Spectrum    103 integration periods
   3.513    3.672    3.344    4.527    3.414    4.006    3.705    4.153    4.309    4.136    5.247    4.121    4.722    4.449    4.686    5.554    5.183    5.942    5.015    5.233    4.963    5.934    5.656    5.617    5.131    5.556    6.126    5.121    5.351    5.179    5.165    5.135    5.366    4.766    5.392    4.591    4.625    4.532    4.783    4.758    4.443    3.710    4.115    4.107    4.005    3.325    3.829    3.284    3.883    3.801    3.226    3.098    3.395    3.609    3.624    3.647    3.353    3.382    4.170    3.389    3.326    5.015    4.246    4.211    3.626    4.030    3.706    4.152    3.858    4.429    4.246    4.665    4.547    4.522    4.619    4.239    4.928    4.710    4.017    3.908    3.994    4.669    3.553    4.817    4.138    4.401    4.662    3.399    3.954    3.806    4.097    3.827    4.019    3.047    3.701    2.867    2.524    3.659    2.747    2.698    2.788    2.512    2.656    2.234    2.054    2.045    1.173    1.561    2.686    2.214    2.086    1.790    1.873    1.529    1.906    1.700    2.487    1.994    2.662    2.060    1.895    1.915    2.485    2.611    2.674    2.827    2.943    2.255    3.312    2.254    3.080    2.747    2.986    2.696    2.935    2.523    2.319    2.412    2.573    3.154    2.654    2.339    2.581    2.957    2.071    2.426    2.663    2.290    1.816    1.560    1.839    1.575    1.584    1.986    1.464    1.257    1.356    0.539    1.084    0.549    0.661    0.395    0.511    0.863    0.887    1.121    0.965    0.730    1.342    0.594    0.756    0.900    1.501    1.691    1.308    2.045    1.913    1.463    2.063    1.732    1.689    2.387    2.145    2.158    2.258    2.291    2.411    2.317    2.329    2.358    1.498    2.615    2.614    1.459    1.747    1.892    2.202    1.857    1.538    1.683    1.778    1.032    0.821    1.067    1.394    0.926    1.007    0.437    0.824    0.262    0.631    0.167   -0.447   -0.072 
DATE 2017:115:20:39:51 obsn 157 az 141 el 70 freq_MHz  1424.0000 Tsys 158.644 Tant 315.820 vlsr   35.36 glat -5.585 glon 184.690 azoff 14.53 eloff 0.00 source Crab 
Fstart 1422.997 fstop 1425.003 spacing 0.009375 bw    2.400 fbw    2.000 MHz nfreq 256 nsam 5242880 npoint 214 integ   123 sigma    0.295 bsw 13
Spectrum    113 integration periods
   2.881    3.145    2.803    4.100    3.007    3.359    3.169    3.623    3.761    3.658    4.541    3.585    4.137    3.901    4.118    4.896    4.368    5.330    4.479    4.781    4.393    5.292    5.151    5.036    4.564    4.960    5.512    4.473    4.914    4.584    4.549    4.658    4.865    4.333    4.687    3.874    4.264    3.917    4.212    4.129    3.899    3.113    3.659    3.646    3.334    2.873    3.306    2.758    3.184    3.200    2.752    2.680    2.851    3.144    3.115    3.129    2.855    2.781    3.642    2.755    2.746    4.608    3.645    3.469    3.004    3.563    3.254    3.708    3.401    4.056    3.609    3.974    3.956    3.854    3.995    3.703    4.215    4.136    3.429    3.405    3.513    4.140    3.155    4.189    3.491    3.756    4.126    2.869    3.390    3.276    3.572    3.173    3.365    2.594    3.068    2.344    2.110    3.148    2.225    2.166    2.373    2.014    2.282    1.785    1.687    1.777    0.753    1.022    2.240    1.703    1.717    1.392    1.353    1.312    1.614    1.456    2.059    1.591    2.285    1.658    1.578    1.405    2.158    2.179    2.183    2.617    2.578    1.884    2.805    1.673    2.654    2.450    2.683    2.275    2.553    1.991    2.059    2.241    2.345    2.777    2.322    1.972    2.212    2.614    1.827    2.033    2.542    2.196    1.500    1.298    1.539    1.403    1.217    1.709    1.240    1.071    1.089    0.326    0.793    0.192    0.372    0.202    0.368    0.620    0.408    1.014    0.688    0.451    1.198    0.266    0.689    0.671    1.135    1.393    1.091    1.763    1.603    1.072    1.601    1.485    1.476    2.162    1.849    1.828    1.839    2.057    2.064    1.924    2.086    1.993    1.326    2.276    2.467    1.189    1.406    1.747    1.797    1.393    1.236    1.353    1.433    0.864    0.554    0.694    1.277    0.620    0.616    0.227    0.583    0.008    0.402    0.037   -0.578   -0.354 
DATE 2017:115:20:40:18 obsn 158 az 127 el 70 freq_MHz  1424.0000 Tsys 158.644 Tant 312.174 vlsr   35.36 glat -5.585 glon 184.690 azoff 0.00 eloff 0.00 source Crab 
Fstart 1422.997 fstop 1425.003 spacing 0.009375 bw    2.400 fbw    2.000 MHz nfreq 256 nsam 5242880 npoint 214 integ   134 sigma    0.283 bsw 14
Spectrum    123 integration periods
   2.755    3.158    2.824    3.887    3.039    3.320    3.134    3.554    3.750    3.460    4.618    3.742    4.047    3.729    3.972    4.779    4.325    5.130    4.379    4.731    4.408    5.321    5.172    5.015    4.616    4.946    5.424    4.375    4.870    4.542    4.529    4.420    4.754    4.131    4.635    3.902    4.357    3.917    4.196    4.232    3.708    2.942    3.741    3.571    3.234    2.922    3.279    2.817    3.117    3.068    2.701    2.701    2.579    3.059    3.125    3.024    2.778    2.661    3.497    2.570    2.662    4.540    3.530    3.351    2.929    3.427    3.153    3.598    3.226    3.888    3.571    3.802    3.737    3.654    3.816    3.472    3.911    3.976    3.333    3.264    3.372    4.035    2.949    4.094    3.407    3.738    3.978    2.883    3.266    3.145    3.505    3.092    3.223    2.621    2.993    2.295    2.078    3.019    2.224    2.254    2.463    2.065    2.067    1.795    1.530    1.710    0.483    0.938    2.052    1.654    1.724    1.364    1.369    1.417    1.649    1.333    1.748    1.396    2.075    1.686    1.463    1.370    2.083    2.007    1.865    2.540    2.290    1.737    2.469    1.535    2.354    2.184    2.508    2.039    2.330    1.971    1.885    2.091    2.217    2.600    2.084    1.879    2.046    2.430    1.747    1.877    2.527    2.179    1.329    1.128    1.416    1.227    1.262    1.588    1.244    0.965    0.955    0.190    0.678    0.152    0.284    0.020    0.294    0.380    0.310    0.845    0.598    0.200    1.108    0.138    0.496    0.432    0.839    1.199    0.926    1.413    1.403    0.945    1.406    1.261    1.217    1.940    1.723    1.587    1.706    1.750    1.812    1.642    1.786    1.799    1.310    2.128    2.090    0.979    1.104    1.523    1.507    1.104    0.955    1.056    1.239    0.458    0.292    0.371    1.068    0.527    0.598    0.186    0.215   -0.177    0.058   -0.061   -0.804   -0.600 
DATE 2017:115:20:40:45 obsn 159 az 112 el 70 freq_MHz  1424.0000 Tsys 158.644 Tant 317.566 vlsr   35.36 glat -5.585 glon 184.690 azoff -14.65 eloff 0.00 source Crab 
Fstart 1422.997 fstop 1425.003 spacing 0.009375 bw    2.400 fbw    2.000 MHz nfreq 256 nsam 5242880 npoint 214 integ   145 sigma    0.272 bsw 15
Spectrum    133 integration periods
 490.112  487.165  486.342  484.815  484.844  484.343  484.702  486.530  485.298  485.266  483.080  482.851  483.164  483.246  482.831  483.123  483.141  482.145  483.617  483.722  483.536  483.412  485.126  483.250  483.733  483.818  483.751  483.738  484.191  484.349  483.501  483.967  485.064  482.957  482.613  482.478  484.013  483.550  482.831  482.942  484.323  482.571  481.929  482.530  482.784  481.565  482.379  481.381  482.208  483.027  481.581  481.412  481.725  481.708  481.335  481.903  481.961  481.298  481.280  481.369  481.152  484.691  482.193  480.815  480.013  480.071  480.183  479.281  480.226  480.252  479.938  478.993  479.354  480.179  479.031  479.524  479.876  479.756  479.859  480.664  480.250  480.649  480.983  480.968  480.681  480.260  481.143  480.951  480.117  480.127  479.706  479.980  479.909  480.262  481.082  479.771  480.038  479.330  480.129  479.619  481.000  479.929  479.881  479.522  479.420  479.837  484.754  482.221  480.089  478.007  478.025  478.842  477.935  478.799  477.654  477.616  477.292  477.494  477.150  477.472  477.605  476.644  477.532  477.188  476.567  476.760  476.188  476.625  476.748  477.048  476.787  476.907  476.351  476.991  478.055  478.057  477.815  477.527  477.387  478.012  477.293  477.545  477.140  476.720  476.980  477.448  478.363  478.429  476.519  477.347  476.898  476.298  476.135  475.684  476.695  476.244  474.228  475.566  474.852  475.662  475.269  474.321  473.593  473.712  472.798  472.192  471.731  472.820  472.820  471.836  471.166  471.484  470.408  470.090  470.857  470.349  470.902  469.771  469.611  469.659  470.152  470.185  469.552  470.262  470.156  469.884  469.752  469.728  469.215  470.486  474.578  470.181  470.518  470.230  470.106  469.772  471.088  471.593  471.658  471.390  470.916  470.267  470.680  470.914  469.937  470.524  470.842  469.387  468.056  468.594  470.438  470.014  469.972  473.135 
DATE 2017:115:20:40:58 obsn 160 az 112 el 70 freq_MHz  1424.0000 Tsys 158.644 Tant 311.321 vlsr   35.36 glat -5.585 glon 184.690 azoff -14.65 eloff 0.00 source Crab 
Fstart 1422.997 fstop 1425.003 spacing 0.009375 bw    2.400 fbw    2.000 MHz nfreq 256 nsam 5242880 npoint 214 integ   156 sigma    0.262 bsw 15
Spectrum    143 integration periods
   2.377    2.687    2.564    3.408    2.650    2.988    2.647    3.404    3.339    3.152    4.064    3.371    3.622    3.446    3.725    4.472    4.116    4.773    4.125    4.656    4.206    5.076    5.058    5.017    4.467    4.828    5.304    4.272    4.668    4.517    4.267    4.336    4.487    3.762    4.359    3.683    4.002    3.468    3.895    3.768    3.531    2.777    3.402    3.186    2.800    2.677    2.961    2.531    2.684    2.453    2.283    2.308    2.253    2.588    2.808    2.367    2.331    2.565    3.115    2.219    2.314    4.147    3.299    3.065    2.626    2.989    2.969    3.295    2.897    3.496    3.358    3.419    3.539    3.574    3.530    3.302    3.841    3.859    3.099    3.146    3.222    3.997    2.858    3.655    3.182    3.528    3.630    2.762    3.133    2.961    3.170    2.904    3.037    2.498    2.510    1.950    1.838    2.566    2.074    1.942    1.990    1.721    1.691    1.328    1.076    1.350    0.062    0.514    1.563    1.192    1.305    0.932    0.941    0.976    1.107    1.031    1.269    0.969    1.755    1.299    1.205    1.269    1.891    1.630    1.519    2.300    2.114    1.495    2.167    1.504    1.902    2.061    2.241    2.049    2.176    1.728    1.942    1.760    1.909    2.422    2.063    1.805    1.884    2.216    1.670    1.823    2.305    1.839    1.144    1.111    1.294    0.976    1.120    1.087    1.000    0.665    0.699   -0.053    0.306   -0.117    0.192   -0.241   -0.194    0.041   -0.091    0.292    0.385   -0.055    0.820   -0.145    0.251    0.195    0.565    0.921    0.848    1.177    1.278    0.713    1.195    1.112    0.957    1.873    1.637    1.417    1.702    1.730    1.863    1.592    1.729    1.925    1.331    2.199    2.139    1.088    1.087    1.626    1.591    1.148    1.040    1.230    1.248    0.526    0.394    0.592    1.052    0.673    0.475    0.180    0.294    0.095    0.196   -0.295   -0.856   -0.303 
DATE 2017:115:20:41:33 obsn 161 az 127 el 70 freq_MHz  1424.0000 Tsys 158.644 Tant 327.089 vlsr   35.36 glat -5.585 glon 184.690 azoff 0.00 eloff 0.00 source Crab 
Fstart 1422.997 fstop 1425.003 spacing 0.009375 bw    2.400 fbw    2.000 MHz nfreq 256 nsam 5242880 npoint 214 integ   167 sigma    0.253 bsw 16
Spectrum    153 integration periods
   1.846    2.344    2.224    2.913    2.288    2.497    2.257    2.895    2.919    2.617    3.635    2.930    3.280    3.057    3.324    4.081    3.840    4.503    3.753    4.321    3.850    4.859    4.794    4.662    4.119    4.630    5.137    4.051    4.455    4.270    4.079    4.092    4.275    3.574    4.302    3.562    3.822    3.433    3.636    3.587    3.434    2.762    3.334    3.008    2.607    2.560    2.887    2.444    2.396    2.285    2.122    2.169    2.112    2.502    2.713    2.228    2.187    2.360    2.942    2.003    2.084    3.747    3.047    2.698    2.437    2.599    2.752    3.023    2.710    3.315    3.162    3.223    3.293    3.346    3.327    3.033    3.656    3.621    3.074    3.074    3.237    3.817    2.845    3.380    3.190    3.455    3.493    2.818    3.140    2.993    3.317    2.992    3.053    2.563    2.622    2.031    1.958    2.672    2.055    1.974    2.185    1.694    1.719    1.198    1.111    1.274    0.185    0.478    1.524    1.188    1.207    0.890    0.920    0.912    1.027    1.086    1.235    0.992    1.673    1.194    1.319    1.399    1.867    1.635    1.570    2.164    2.176    1.636    2.223    1.604    2.035    2.260    2.319    2.267    2.310    1.733    2.080    1.954    2.053    2.493    2.129    1.976    2.062    2.434    1.836    2.014    2.548    2.002    1.357    1.331    1.595    1.245    1.422    1.266    1.057    0.861    0.991    0.232    0.570    0.100    0.219   -0.010    0.106    0.244    0.158    0.388    0.511    0.212    1.104    0.199    0.442    0.590    0.780    1.013    0.977    1.630    1.571    0.973    1.457    1.482    1.305    2.142    2.093    1.699    1.916    2.072    2.248    1.959    2.068    2.297    1.743    2.452    2.361    1.396    1.414    1.888    1.911    1.520    1.508    1.555    1.554    0.835    0.862    1.060    1.517    1.124    0.833    0.699    0.547    0.425    0.594    0.064   -0.545    0.168 
DATE 2017:115:20:42:03 obsn 162 az 142 el 70 freq_MHz  1424.0000 Tsys 158.644 Tant 318.842 vlsr   35.36 glat -5.585 glon 184.690 azoff 14.77 eloff 0.00 source Crab 
Fstart 1422.997 fstop 1425.003 spacing 0.009375 bw    2.400 fbw    2.000 MHz nfreq 256 nsam 5242880 npoint 214 integ   178 sigma    0.246 bsw 17
Spectrum    163 integration periods
   2.063    2.640    2.473    3.089    2.520    2.777    2.462    3.092    3.074    2.796    3.776    3.009    3.496    3.167    3.530    4.252    4.056    4.522    3.818    4.453    4.050    5.028    4.895    4.797    4.261    4.713    5.192    4.279    4.619    4.371    4.281    4.195    4.380    3.742    4.392    3.691    4.029    3.531    3.804    3.607    3.640    3.050    3.369    3.200    2.831    2.708    2.987    2.620    2.556    2.522    2.239    2.385    2.325    2.649    2.813    2.474    2.324    2.438    2.979    2.154    2.275    3.865    3.080    2.763    2.510    2.758    2.809    3.110    2.791    3.376    3.249    3.304    3.404    3.367    3.392    3.140    3.632    3.572    3.076    3.160    3.236    3.857    2.852    3.369    3.362    3.522    3.460    2.845    3.223    3.132    3.416    2.994    3.058    2.703    2.646    2.102    2.121    2.713    2.050    1.990    2.271    1.825    1.814    1.229    1.209    1.264    0.137    0.408    1.572    1.228    1.190    1.033    0.922    1.073    1.142    1.113    1.211    0.991    1.631    1.055    1.248    1.341    1.839    1.643    1.490    2.078    2.162    1.593    2.259    1.476    1.949    2.225    2.180    2.298    2.318    1.735    1.959    1.841    2.073    2.526    2.038    1.923    2.082    2.401    1.763    2.053    2.360    1.957    1.398    1.327    1.716    1.149    1.453    1.296    1.026    0.820    0.964    0.232    0.671    0.104    0.278    0.027    0.189    0.175    0.029    0.309    0.436    0.271    0.992    0.199    0.359    0.625    0.675    0.937    0.848    1.516    1.470    0.797    1.340    1.309    1.108    1.970    1.949    1.470    1.763    1.863    2.091    1.726    1.826    2.242    1.728    2.190    2.142    1.093    1.253    1.685    1.717    1.298    1.296    1.413    1.426    0.703    0.632    0.842    1.211    0.875    0.544    0.519    0.343    0.224    0.324    0.050   -0.711   -0.093 
DATE 2017:115:20:42:30 obsn 163 az 128 el 70 freq_MHz  1424.0000 Tsys 158.644 Tant 298.545 vlsr   35.36 glat -5.585 glon 184.690 azoff 0.00 eloff 0.00 source Crab 
Fstart 1422.997 fstop 1425.003 spacing 0.009375 bw    2.400 fbw    2.000 MHz nfreq 256 nsam 5242880 npoint 214 integ   189 sigma    0.238 bsw 18
Spectrum    173 integration periods
   1.440    1.964    1.727    2.337    1.814    2.024    1.780    2.388    2.353    2.125    3.020    2.409    2.782    2.470    2.803    3.599    3.434    3.829    3.142    3.674    3.369    4.302    4.142    4.015    3.593    4.040    4.594    3.606    3.941    3.717    3.624    3.454    3.695    2.976    3.732    3.099    3.448    2.986    3.119    2.932    3.028    2.428    2.779    2.619    2.294    2.171    2.360    2.036    2.031    1.962    1.569    1.840    1.706    1.967    2.120    1.825    1.639    1.783    2.318    1.399    1.575    3.344    2.523    2.211    1.958    2.165    2.201    2.439    2.188    2.655    2.647    2.621    2.727    2.756    2.589    2.516    2.917    2.987    2.438    2.406    2.591    3.140    2.231    2.717    2.592    2.892    2.764    2.248    2.619    2.474    2.844    2.402    2.415    2.094    2.040    1.541    1.557    2.113    1.489    1.408    1.665    1.253    1.272    0.605    0.642    0.684   -0.478   -0.228    1.045    0.570    0.564    0.477    0.262    0.492    0.475    0.516    0.640    0.525    0.998    0.486    0.556    0.829    1.271    1.086    0.940    1.560    1.661    1.049    1.661    0.939    1.392    1.653    1.668    1.682    1.781    1.336    1.512    1.216    1.583    1.935    1.656    1.410    1.632    2.000    1.295    1.558    1.745    1.452    0.865    0.834    1.282    0.765    0.966    0.866    0.522    0.314    0.428   -0.134    0.162   -0.270   -0.261   -0.483   -0.365   -0.429   -0.555   -0.238   -0.119   -0.328    0.451   -0.357   -0.142    0.144    0.211    0.445    0.306    0.881    0.979    0.277    0.848    0.784    0.658    1.479    1.516    0.907    1.365    1.300    1.519    1.290    1.452    1.641    1.214    1.622    1.620    0.668    0.636    1.241    1.328    0.672    0.753    0.922    0.952    0.293    0.111    0.361    0.711    0.315    0.044   -0.053   -0.088   -0.310   -0.139   -0.435   -1.147   -0.537 
DATE 2017:115:20:42:57 obsn 164 az 113 el 70 freq_MHz  1424.0000 Tsys 158.644 Tant 310.477 vlsr   35.36 glat -5.585 glon 184.690 azoff -14.89 eloff 0.00 source Crab 
Fstart 1422.997 fstop 1425.003 spacing 0.009375 bw    2.400 fbw    2.000 MHz nfreq 256 nsam 5242880 npoint 214 integ   200 sigma    0.232 bsw 19
Spectrum    183 integration periods
   1.513    2.062    1.886    2.423    1.871    2.217    1.942    2.537    2.476    2.324    2.992    2.486    2.856    2.600    2.924    3.773    3.483    3.934    3.316    3.763    3.440    4.420    4.152    4.069    3.692    4.067    4.641    3.699    3.849    3.760    3.658    3.568    3.752    3.104    3.873    3.075    3.523    3.113    3.249    3.100    3.167    2.497    2.862    2.743    2.305    2.236    2.373    2.039    2.168    2.055    1.612    1.815    1.798    1.979    2.164    1.839    1.702    1.832    2.379    1.537    1.639    3.437    2.536    2.242    1.982    2.166    2.171    2.494    2.354    2.784    2.755    2.669    2.817    2.858    2.766    2.593    3.025    3.009    2.479    2.441    2.635    3.283    2.299    2.699    2.687    2.971    2.861    2.347    2.707    2.582    2.921    2.363    2.492    2.161    1.982    1.603    1.533    2.259    1.543    1.488    1.777    1.305    1.335    0.677    0.710    0.726   -0.261   -0.012    1.075    0.639    0.598    0.578    0.315    0.529    0.582    0.562    0.607    0.555    0.946    0.585    0.571    0.954    1.360    1.133    1.014    1.625    1.875    1.074    1.704    1.092    1.457    1.654    1.751    1.838    1.812    1.508    1.619    1.309    1.585    2.085    1.780    1.469    1.722    2.012    1.386    1.665    1.830    1.542    1.034    0.954    1.351    0.870    1.020    0.886    0.694    0.432    0.545    0.056    0.306   -0.245   -0.249   -0.379   -0.314   -0.340   -0.488   -0.198    0.001   -0.214    0.483   -0.245   -0.101    0.289    0.241    0.467    0.367    0.909    1.024    0.391    0.994    0.900    0.698    1.449    1.590    1.126    1.471    1.384    1.589    1.355    1.408    1.709    1.262    1.675    1.565    0.709    0.663    1.387    1.356    0.759    0.849    1.033    1.045    0.377    0.190    0.453    0.715    0.359    0.162   -0.000    0.015   -0.336   -0.101   -0.409   -0.970   -0.444 
DATE 2017:115:20:43:35 obsn 165 az 128 el 71 freq_MHz  1424.0000 Tsys 158.644 Tant 328.905 vlsr   35.36 glat -5.585 glon 184.690 azoff 0.00 eloff 0.00 source Crab 
Fstart 1422.997 fstop 1425.003 spacing 0.009375 bw    2.400 fbw    2.000 MHz nfreq 256 nsam 5242880 npoint 214 integ   211 sigma    0.226 bsw 20
Spectrum    193 integration periods
   1.473    2.087    1.852    2.241    1.793    2.137    1.780    2.517    2.437    2.292    2.823    2.243    2.792    2.570    2.820    3.634    3.440    3.819    3.300    3.814    3.442    4.412    4.153    4.121    3.725    3.978    4.609    3.761    3.814    3.703    3.618    3.495    3.728    3.045    3.818    3.028    3.370    3.095    3.120    2.998    3.117    2.359    2.842    2.591    2.161    2.175    2.379    1.910    2.042    1.894    1.510    1.637    1.723    1.861    2.062    1.694    1.660    1.766    2.228    1.448    1.494    3.329    2.500    2.088    1.954    2.104    2.091    2.372    2.163    2.696    2.701    2.648    2.727    2.789    2.705    2.546    2.906    2.875    2.464    2.434    2.605    3.219    2.229    2.684    2.536    2.954    2.759    2.242    2.574    2.440    2.838    2.311    2.297    2.062    1.872    1.603    1.536    2.077    1.479    1.284    1.639    1.156    1.211    0.499    0.589    0.556   -0.345   -0.089    1.044    0.499    0.545    0.429    0.347    0.390    0.408    0.529    0.555    0.523    0.798    0.505    0.471    0.900    1.254    1.046    0.943    1.531    1.797    1.062    1.641    1.049    1.406    1.549    1.734    1.718    1.841    1.488    1.524    1.270    1.443    1.926    1.667    1.419    1.645    1.862    1.246    1.474    1.736    1.482    0.904    0.959    1.287    0.789    0.893    0.829    0.631    0.311    0.481   -0.022    0.331   -0.276   -0.380   -0.444   -0.349   -0.429   -0.523   -0.251   -0.048   -0.249    0.391   -0.358   -0.149    0.270    0.089    0.359    0.324    0.953    1.001    0.352    0.900    0.805    0.634    1.442    1.412    1.151    1.519    1.347    1.557    1.383    1.387    1.601    1.210    1.623    1.527    0.668    0.719    1.347    1.302    0.795    0.804    1.038    0.958    0.399    0.222    0.490    0.694    0.338    0.105    0.018   -0.037   -0.332   -0.046   -0.493   -1.000   -0.438 
DATE 2017:115:20:44:13 obsn 166 az 144 el 71 freq_MHz  1424.0000 Tsys 158.644 Tant 311.244 vlsr   35.36 glat -5.585 glon 184.690 azoff 15.02 eloff 0.00 source Crab 
Fstart 1422.997 fstop 1425.003 spacing 0.009375 bw    2.400 fbw    2.000 MHz nfreq 256 nsam 5242880 npoint 214 integ   222 sigma    0.220 bsw 21
Spectrum    203 integration periods
   1.362    1.991    1.746    2.120    1.659    1.953    1.668    2.443    2.333    2.306    2.723    2.188    2.717    2.421    2.758    3.500    3.358    3.654    3.136    3.690    3.408    4.275    4.077    4.023    3.487    3.874    4.588    3.721    3.702    3.599    3.581    3.430    3.631    3.031    3.685    2.920    3.167    2.932    2.941    2.898    3.030    2.342    2.739    2.561    2.126    2.154    2.308    1.798    1.964    1.875    1.482    1.559    1.614    1.745    1.955    1.631    1.615    1.771    2.201    1.404    1.384    3.137    2.371    2.049    1.842    1.897    2.014    2.340    2.038    2.604    2.533    2.584    2.550    2.636    2.587    2.458    2.713    2.724    2.369    2.384    2.487    3.107    2.230    2.575    2.441    2.847    2.558    2.197    2.439    2.235    2.715    2.236    2.220    2.002    1.671    1.507    1.454    2.071    1.347    1.171    1.584    1.062    1.093    0.380    0.577    0.474   -0.554   -0.147    0.926    0.421    0.506    0.420    0.217    0.329    0.415    0.389    0.457    0.470    0.677    0.417    0.426    0.838    1.179    0.895    0.933    1.430    1.677    1.007    1.604    0.929    1.258    1.429    1.676    1.595    1.720    1.381    1.435    1.172    1.348    1.849    1.533    1.371    1.499    1.743    1.079    1.331    1.703    1.410    0.864    0.814    1.214    0.726    0.885    0.823    0.559    0.233    0.353   -0.030    0.215   -0.324   -0.487   -0.468   -0.503   -0.449   -0.541   -0.352   -0.110   -0.368    0.279   -0.391   -0.355    0.097   -0.005    0.217    0.237    0.877    0.860    0.267    0.949    0.740    0.527    1.349    1.266    1.110    1.460    1.144    1.502    1.254    1.268    1.416    1.131    1.526    1.394    0.518    0.667    1.265    1.332    0.777    0.735    0.945    0.792    0.342    0.166    0.420    0.617    0.277    0.100   -0.074   -0.029   -0.388   -0.111   -0.554   -1.056   -0.547 
DATE 2017:115:20:44:40 obsn 167 az 129 el 71 freq_MHz  1424.0000 Tsys 158.644 Tant 298.908 vlsr   35.36 glat -5.585 glon 184.690 azoff 0.00 eloff 0.00 source Crab 
Fstart 1422.997 fstop 1425.003 spacing 0.009375 bw    2.400 fbw    2.000 MHz nfreq 256 nsam 5242880 npoint 214 integ   233 sigma    0.215 bsw 22
Spectrum    213 integration periods
   0.544    1.090    0.935    1.178    0.763    1.201    0.837    1.627    1.569    1.483    1.919    1.386    1.883    1.683    1.998    2.573    2.576    2.814    2.341    2.898    2.629    3.471    3.317    3.208    2.673    3.199    3.835    2.983    2.944    2.859    2.806    2.674    2.837    2.257    2.942    2.270    2.491    2.165    2.212    2.142    2.321    1.737    2.090    1.849    1.479    1.559    1.710    1.138    1.335    1.192    0.894    0.889    1.038    1.217    1.333    0.971    1.031    1.122    1.561    0.736    0.861    2.511    1.795    1.497    1.253    1.268    1.272    1.740    1.399    1.953    1.924    1.972    1.954    1.907    1.898    1.821    2.137    2.188    1.750    1.747    1.844    2.462    1.721    2.058    1.906    2.271    2.014    1.611    1.835    1.620    2.208    1.702    1.701    1.443    1.104    1.035    1.033    1.544    0.896    0.643    1.121    0.610    0.674   -0.072    0.127   -0.042   -1.214   -0.657    0.435   -0.131    0.013   -0.037   -0.278   -0.131   -0.121   -0.021    0.007    0.022    0.115   -0.077   -0.041    0.373    0.630    0.398    0.533    0.948    1.244    0.547    1.067    0.533    0.815    0.995    1.292    1.183    1.334    0.940    1.106    0.784    0.951    1.422    1.147    1.028    1.036    1.268    0.596    0.969    1.302    1.082    0.469    0.465    0.852    0.391    0.524    0.495    0.238   -0.116   -0.008   -0.293   -0.102   -0.643   -0.798   -0.832   -0.779   -0.704   -0.832   -0.713   -0.384   -0.724   -0.026   -0.741   -0.664   -0.195   -0.274   -0.155   -0.007    0.572    0.538   -0.107    0.718    0.398    0.201    1.046    0.937    0.803    1.120    0.779    1.211    1.003    0.935    1.162    0.873    1.213    1.059    0.260    0.371    0.992    1.076    0.521    0.475    0.558    0.492    0.123   -0.089    0.190    0.396    0.053   -0.069   -0.336   -0.235   -0.582   -0.412   -0.802   -1.306   -0.873 
DATE 2017:115:20:45:06 obsn 168 az 114 el 71 freq_MHz  1424.0000 Tsys 158.644 Tant 307.414 vlsr   35.36 glat -5.585 glon 184.690 azoff -15.16 eloff 0.00 source Crab 
Fstart 1422.997 fstop 1425.003 spacing 0.009375 bw    2.400 fbw    2.000 MHz nfreq 256 nsam 5242880 npoint 214 integ   244 sigma    0.210 bsw 23
Spectrum    223 integration periods
   0.227    0.782    0.668    0.845    0.446    0.861    0.572    1.371    1.249    1.174    1.603    1.157    1.624    1.441    1.712    2.232    2.262    2.506    2.043    2.617    2.361    3.183    3.056    2.986    2.380    2.927    3.552    2.795    2.748    2.580    2.582    2.455    2.632    2.038    2.632    2.000    2.208    1.890    1.866    1.836    1.939    1.418    1.750    1.537    1.211    1.185    1.432    0.810    1.005    0.875    0.680    0.585    0.779    0.926    1.002    0.614    0.754    0.849    1.305    0.542    0.645    2.144    1.512    1.324    1.007    1.119    1.054    1.499    1.217    1.748    1.682    1.752    1.603    1.558    1.620    1.562    1.893    2.007    1.497    1.523    1.573    2.151    1.494    1.756    1.628    2.038    1.701    1.369    1.517    1.332    1.756    1.307    1.324    1.211    0.744    0.760    0.698    1.310    0.557    0.308    0.768    0.338    0.315   -0.366   -0.187   -0.210   -1.492   -0.920    0.094   -0.526   -0.188   -0.270   -0.503   -0.372   -0.290   -0.289   -0.252   -0.169   -0.152   -0.356   -0.251    0.166    0.405    0.085    0.278    0.676    1.017    0.308    0.882    0.326    0.558    0.738    1.069    0.902    1.042    0.684    0.852    0.487    0.678    1.210    0.843    0.771    0.681    0.954    0.247    0.682    1.062    0.890    0.239    0.186    0.533    0.096    0.267    0.216   -0.132   -0.446   -0.244   -0.467   -0.318   -0.846   -1.013   -1.047   -1.041   -1.008   -1.077   -0.912   -0.615   -0.988   -0.254   -0.921   -1.032   -0.496   -0.544   -0.482   -0.278    0.327    0.245   -0.370    0.481    0.178   -0.078    0.825    0.641    0.591    0.839    0.526    0.903    0.790    0.614    0.923    0.581    0.869    0.801    0.029    0.095    0.830    0.799    0.160    0.262    0.298    0.264   -0.105   -0.304   -0.045    0.127   -0.290   -0.286   -0.662   -0.499   -0.823   -0.609   -1.074   -1.516   -1.120 
DATE 2017:115:20:45:36 obsn 169 az 129 el 71 freq_MHz  1424.0000 Tsys 158.644 Tant 309.926 vlsr   35.36 glat -5.585 glon 184.690 azoff 0.00 eloff 0.00 source Crab 
Fstart 1422.997 fstop 1425.003 spacing 0.009375 bw    2.400 fbw    2.000 MHz nfreq 256 nsam 5242880 npoint 214 integ   254 sigma    0.205 bsw 24
Spectrum    233 integration periods
   0.634    1.169    1.073    1.246    0.803    1.197    0.946    1.726    1.608    1.541    1.981    1.498    2.016    1.844    2.128    2.557    2.654    2.837    2.427    2.900    2.704    3.563    3.413    3.370    2.823    3.295    3.856    3.151    3.013    2.867    2.798    2.792    3.000    2.382    2.941    2.325    2.452    2.294    2.231    2.148    2.268    1.736    2.092    1.889    1.545    1.456    1.778    1.119    1.383    1.208    0.975    0.917    1.110    1.229    1.290    0.935    1.116    1.160    1.626    0.881    0.954    2.502    1.892    1.708    1.379    1.447    1.359    1.796    1.539    2.060    2.016    2.009    1.894    1.903    1.982    1.706    2.245    2.291    1.785    1.874    1.898    2.433    1.776    2.017    1.841    2.207    2.018    1.653    1.748    1.600    2.065    1.672    1.629    1.486    1.039    1.070    0.965    1.550    0.750    0.596    1.085    0.591    0.636   -0.091    0.057    0.112   -1.180   -0.550    0.352   -0.179    0.087    0.015   -0.177   -0.018    0.029   -0.028   -0.008    0.088    0.092   -0.054    0.066    0.375    0.591    0.309    0.532    0.909    1.269    0.632    1.108    0.617    0.822    0.984    1.274    1.129    1.278    0.950    1.127    0.687    0.935    1.443    1.078    1.034    0.944    1.130    0.473    0.942    1.263    1.125    0.450    0.425    0.778    0.364    0.559    0.476    0.125   -0.160    0.001   -0.254   -0.063   -0.556   -0.796   -0.856   -0.846   -0.820   -0.928   -0.732   -0.398   -0.760   -0.007   -0.638   -0.857   -0.357   -0.364   -0.375   -0.070    0.527    0.483   -0.167    0.683    0.344    0.155    1.000    0.789    0.788    1.044    0.705    1.075    0.909    0.816    1.027    0.735    1.069    1.004    0.271    0.254    1.029    0.937    0.344    0.437    0.500    0.455    0.072   -0.096    0.129    0.308   -0.067   -0.159   -0.511   -0.380   -0.625   -0.415   -0.969   -1.436   -0.885 
DATE 2017:115:20:46:06 obsn 170 az 145 el 71 freq_MHz  1424.0000 Tsys 158.644 Tant 304.398 vlsr   35.36 glat -5.585 glon 184.690 azoff 15.28 eloff 0.00 source Crab 
Fstart 1422.997 fstop 1425.003 spacing 0.009375 bw    2.400 fbw    2.000 MHz nfreq 256 nsam 5242880 npoint 214 integ   265 sigma    0.201 bsw 25
Spectrum    243 integration periods
 484.118  482.588  480.710  479.707  479.853  479.167  479.794  481.283  480.730  479.876  478.609  478.092  478.513  478.293  477.829  478.097  478.383  477.934  478.342  478.607  478.208  478.338  480.189  478.059  478.654  479.489  479.665  479.224  479.735  479.801  479.107  479.660  480.248  478.659  478.575  478.580  479.679  479.056  478.487  478.744  479.432  478.173  478.014  477.922  478.544  477.664  477.842  477.029  478.084  479.098  478.071  477.674  477.857  477.783  477.528  477.485  477.659  477.441  477.634  477.406  477.169  480.394  477.867  476.762  476.260  475.757  475.964  475.485  476.639  476.000  475.450  475.247  475.138  475.794  474.951  475.243  475.599  475.682  476.268  476.442  476.309  476.314  477.224  476.896  476.709  476.593  477.160  477.223  476.448  476.484  476.052  476.386  476.175  476.089  477.524  476.139  476.471  476.182  476.383  476.069  477.023  476.422  476.742  476.503  476.011  476.392  481.893  478.668  476.249  474.608  474.769  475.538  474.759  474.894  474.558  474.434  474.276  474.390  474.251  474.329  474.199  474.108  474.056  474.224  474.052  473.743  473.389  473.475  473.832  474.151  473.968  474.175  474.184  474.262  474.883  475.311  474.786  474.770  474.299  474.793  474.581  474.702  474.390  474.383  474.338  474.504  476.354  476.615  474.315  474.542  474.802  473.731  473.851  473.403  473.530  473.509  471.993  473.398  472.128  473.766  472.185  471.977  471.478  471.509  471.276  470.124  469.714  470.312  471.186  469.999  469.111  469.776  468.933  468.066  468.415  468.874  468.768  468.099  467.733  468.300  468.568  468.664  468.113  468.668  468.700  467.867  468.025  468.352  467.736  468.877  473.090  467.628  468.815  468.952  468.421  468.356  469.045  469.455  469.899  469.320  469.171  468.734  469.028  469.042  468.602  468.558  469.763  467.645  466.672  466.581  469.239  468.488  468.783  472.235 
DATE 2017:115:20:46:19 obsn 171 az 145 el 71 freq_MHz  1424.0000 Tsys 158.644 Tant 309.932 vlsr   35.36 glat -5.585 glon 184.690 azoff 15.28 eloff 0.00 source Crab 
Fstart 1422.997 fstop 1425.003 spacing 0.009375 bw    2.400 fbw    2.000 MHz nfreq 256 nsam 5242880 npoint 214 integ   276 sigma    0.197 bsw 25
Spectrum    253 integration periods
   0.458    0.958    0.862    0.970    0.653    1.085    0.877    1.395    1.338    1.362    1.789    1.376    1.777    1.747    1.912    2.415    2.506    2.599    2.210    2.638    2.525    3.307    3.107    3.077    2.708    3.072    3.623    2.944    2.833    2.633    2.586    2.642    2.786    2.205    2.670    2.109    2.171    2.029    2.023    1.866    2.028    1.569    1.860    1.680    1.342    1.346    1.505    0.815    1.130    1.097    0.841    0.665    0.973    1.206    1.151    0.810    0.994    0.980    1.403    0.705    0.718    2.184    1.675    1.455    1.277    1.246    1.207    1.563    1.343    1.754    1.787    1.768    1.765    1.654    1.889    1.497    2.014    2.014    1.554    1.733    1.753    2.170    1.581    1.753    1.630    2.086    1.879    1.497    1.594    1.470    1.875    1.459    1.507    1.249    0.797    0.859    0.775    1.366    0.514    0.419    0.850    0.391    0.494   -0.218   -0.069   -0.034   -1.332   -0.640    0.183   -0.337   -0.099   -0.071   -0.241   -0.137   -0.233   -0.182   -0.146   -0.115   -0.160   -0.187   -0.198    0.074    0.381    0.198    0.290    0.670    0.983    0.365    0.828    0.516    0.656    0.722    1.039    0.952    1.091    0.729    1.001    0.529    0.566    1.251    0.919    0.865    0.736    0.945    0.326    0.733    1.189    1.172    0.335    0.364    0.694    0.193    0.432    0.415   -0.009   -0.272   -0.174   -0.342   -0.248   -0.643   -0.926   -0.977   -0.982   -0.851   -0.848   -0.827   -0.526   -0.857   -0.206   -0.705   -0.852   -0.369   -0.423   -0.427   -0.244    0.384    0.321   -0.272    0.481    0.212    0.138    0.822    0.669    0.542    0.856    0.564    0.817    0.631    0.560    0.842    0.632    0.871    0.827    0.216    0.125    0.744    0.685    0.204    0.230    0.354    0.342   -0.006   -0.315   -0.155    0.133   -0.218   -0.302   -0.619   -0.413   -0.761   -0.688   -1.010   -1.577   -1.158 
DATE 2017:115:20:46:46 obsn 172 az 130 el 71 freq_MHz  1424.0000 Tsys 158.644 Tant 287.858 vlsr   35.36 glat -5.585 glon 184.690 azoff 0.00 eloff 0.00 source Crab 
Fstart 1422.997 fstop 1425.003 spacing 0.009375 bw    2.400 fbw    2.000 MHz nfreq 256 nsam 5242880 npoint 214 integ   287 sigma    0.193 bsw 26
Spectrum    263 integration periods
  -0.399    0.026   -0.015    0.004   -0.238    0.174    0.018    0.628    0.402    0.458    0.871    0.498    0.879    0.889    1.097    1.581    1.610    1.766    1.394    1.715    1.695    2.465    2.281    2.198    1.900    2.208    2.759    2.110    1.966    1.798    1.698    1.776    1.886    1.354    1.784    1.316    1.332    1.157    1.165    0.995    1.119    0.792    0.971    0.858    0.555    0.472    0.669    0.022    0.320    0.256   -0.042   -0.129    0.121    0.292    0.332    0.008    0.197    0.117    0.570   -0.151   -0.076    1.405    0.873    0.656    0.441    0.402    0.433    0.721    0.602    0.913    0.976    0.957    0.916    0.824    1.095    0.692    1.243    1.220    0.851    0.955    0.970    1.373    0.766    0.920    0.876    1.276    1.050    0.627    0.766    0.663    1.081    0.667    0.645    0.460    0.013    0.067   -0.051    0.570   -0.298   -0.443    0.013   -0.441   -0.317   -1.058   -0.812   -0.886   -2.118   -1.456   -0.634   -1.120   -0.850   -0.858   -1.005   -0.930   -1.043   -0.977   -0.835   -0.892   -0.928   -0.961   -0.922   -0.715   -0.343   -0.549   -0.420   -0.098    0.174   -0.329    0.091   -0.234   -0.166   -0.041    0.220    0.135    0.309   -0.039    0.281   -0.227   -0.192    0.476    0.148    0.129   -0.054    0.221   -0.384    0.026    0.468    0.455   -0.392   -0.356    0.002   -0.526   -0.299   -0.322   -0.710   -1.003   -0.900   -1.112   -0.866   -1.315   -1.646   -1.684   -1.601   -1.574   -1.531   -1.535   -1.164   -1.506   -0.864   -1.381   -1.477   -1.038   -1.090   -1.124   -0.912   -0.316   -0.380   -0.911   -0.229   -0.434   -0.549    0.247    0.015   -0.095    0.174   -0.073    0.130    0.011   -0.098    0.125   -0.027    0.246    0.155   -0.407   -0.555    0.094    0.005   -0.421   -0.401   -0.287   -0.341   -0.614   -0.987   -0.780   -0.498   -0.886   -0.925   -1.284   -1.005   -1.400   -1.237   -1.641   -2.054   -1.652 
DATE 2017:115:20:47:13 obsn 173 az 115 el 71 freq_MHz  1424.0000 Tsys 158.644 Tant 305.015 vlsr   35.36 glat -5.585 glon 184.690 azoff -15.40 eloff 0.00 source Crab 
Fstart 1422.997 fstop 1425.003 spacing 0.009375 bw    2.400 fbw    2.000 MHz nfreq 256 nsam 5242880 npoint 214 integ   298 sigma    0.190 bsw 27
Spectrum    273 integration periods
  -0.023    0.412    0.342    0.408    0.099    0.431    0.366    1.014    0.728    0.768    1.201    0.893    1.229    1.255    1.476    1.919    1.930    2.084    1.749    2.093    2.085    2.825    2.685    2.585    2.250    2.580    3.122    2.431    2.408    2.132    2.071    2.115    2.231    1.723    2.140    1.636    1.618    1.437    1.532    1.334    1.404    1.189    1.318    1.197    0.900    0.833    0.969    0.358    0.661    0.637    0.266    0.200    0.432    0.577    0.612    0.325    0.585    0.459    0.891    0.194    0.282    1.733    1.095    1.008    0.749    0.775    0.767    1.060    0.946    1.287    1.331    1.272    1.239    1.128    1.412    1.030    1.577    1.533    1.168    1.288    1.275    1.692    1.061    1.247    1.223    1.548    1.391    0.902    1.055    0.922    1.358    1.022    0.910    0.740    0.246    0.394    0.251    0.846    0.028   -0.113    0.332   -0.049    0.021   -0.744   -0.502   -0.594   -1.768   -1.149   -0.358   -0.857   -0.550   -0.702   -0.690   -0.626   -0.822   -0.666   -0.504   -0.659   -0.668   -0.670   -0.712   -0.460   -0.067   -0.297   -0.171    0.126    0.358   -0.066    0.327    0.047    0.081    0.190    0.420    0.377    0.517    0.179    0.506    0.079    0.007    0.674    0.360    0.317    0.170    0.514   -0.106    0.267    0.676    0.674   -0.212   -0.135    0.194   -0.280   -0.098   -0.096   -0.444   -0.801   -0.713   -0.882   -0.622   -1.081   -1.379   -1.459   -1.345   -1.339   -1.295   -1.326   -0.963   -1.304   -0.595   -1.091   -1.192   -0.854   -0.879   -0.948   -0.720   -0.099   -0.178   -0.682   -0.019   -0.284   -0.298    0.477    0.180    0.092    0.383    0.140    0.447    0.130    0.100    0.346    0.129    0.420    0.430   -0.097   -0.304    0.249    0.252   -0.172   -0.223   -0.045   -0.088   -0.409   -0.747   -0.560   -0.286   -0.649   -0.697   -1.103   -0.792   -1.178   -1.007   -1.515   -1.792   -1.409 
DATE 2017:115:20:47:43 obsn 174 az 130 el 71 freq_MHz  1424.0000 Tsys 158.644 Tant 292.793 vlsr   35.36 glat -5.585 glon 184.690 azoff 0.00 eloff 0.00 source Crab 
Fstart 1422.997 fstop 1425.003 spacing 0.009375 bw    2.400 fbw    2.000 MHz nfreq 256 nsam 5242880 npoint 214 integ   309 sigma    0.186 bsw 28
Spectrum    283 integration periods
  -0.215    0.360    0.217    0.239   -0.063    0.338    0.212    0.900    0.614    0.640    1.064    0.747    1.109    1.120    1.366    1.769    1.850    1.942    1.628    2.028    2.009    2.712    2.614    2.467    2.139    2.457    2.982    2.346    2.252    1.964    1.946    1.961    2.138    1.638    1.948    1.528    1.485    1.275    1.375    1.192    1.247    1.028    1.193    1.029    0.822    0.654    0.839    0.243    0.544    0.495    0.201    0.121    0.248    0.463    0.473    0.178    0.434    0.278    0.704    0.049    0.073    1.468    0.888    0.782    0.606    0.609    0.560    0.856    0.810    1.090    1.120    1.059    1.029    0.997    1.211    0.879    1.352    1.277    0.965    1.102    1.082    1.465    0.873    1.033    1.031    1.339    1.181    0.708    0.825    0.744    1.146    0.846    0.627    0.460    0.089    0.224    0.019    0.589   -0.204   -0.417    0.029   -0.338   -0.273   -0.967   -0.795   -0.811   -2.062   -1.365   -0.659   -1.161   -0.791   -0.943   -0.960   -0.948   -1.124   -0.911   -0.738   -0.924   -0.990   -1.018   -1.004   -0.803   -0.417   -0.645   -0.454   -0.252    0.023   -0.379    0.072   -0.272   -0.157   -0.051    0.147    0.053    0.177   -0.170    0.169   -0.258   -0.289    0.301    0.065   -0.032   -0.139    0.213   -0.392   -0.029    0.287    0.328   -0.539   -0.516   -0.134   -0.571   -0.462   -0.398   -0.753   -1.091   -1.067   -1.232   -0.958   -1.397   -1.754   -1.847   -1.698   -1.695   -1.620   -1.673   -1.332   -1.617   -0.930   -1.458   -1.547   -1.227   -1.166   -1.369   -1.083   -0.431   -0.474   -1.059   -0.435   -0.660   -0.670    0.143   -0.175   -0.372    0.006   -0.229   -0.015   -0.295   -0.306   -0.095   -0.310    0.031   -0.002   -0.483   -0.597   -0.141   -0.116   -0.596   -0.634   -0.406   -0.504   -0.821   -1.121   -0.996   -0.753   -1.044   -1.067   -1.427   -1.211   -1.575   -1.419   -1.914   -2.136   -1.722 
DATE 2017:115:20:48:13 obsn 175 az 146 el 71 freq_MHz  1424.0000 Tsys 158.644 Tant 320.453 vlsr   35.36 glat -5.585 glon 184.690 azoff 15.52 eloff 0.00 source Crab 
Fstart 1422.997 fstop 1425.003 spacing 0.009375 bw    2.400 fbw    2.000 MHz nfreq 256 nsam 5242880 npoint 214 integ   320 sigma    0.183 bsw 29
Spectrum    293 integration periods
  -0.720   -0.099   -0.220   -0.194   -0.560   -0.186   -0.221    0.410    0.147    0.174    0.577    0.336    0.643    0.593    0.928    1.318    1.406    1.472    1.237    1.545    1.573    2.235    2.107    2.014    1.749    2.039    2.562    1.888    1.824    1.538    1.477    1.509    1.705    1.236    1.543    1.067    1.110    0.950    1.004    0.800    0.882    0.645    0.860    0.658    0.503    0.327    0.550   -0.058    0.220    0.164   -0.123   -0.178   -0.080    0.141    0.111   -0.144    0.037   -0.033    0.358   -0.222   -0.260    1.187    0.562    0.439    0.261    0.312    0.215    0.488    0.492    0.687    0.729    0.682    0.652    0.636    0.824    0.566    0.978    0.931    0.723    0.809    0.760    1.114    0.558    0.700    0.670    1.013    0.881    0.429    0.589    0.460    0.880    0.625    0.369    0.218   -0.154    0.035   -0.212    0.303   -0.414   -0.641   -0.199   -0.503   -0.481   -1.160   -1.004   -0.995   -2.406   -1.592   -0.912   -1.403   -0.991   -1.144   -1.217   -1.221   -1.342   -1.073   -0.958   -1.106   -1.199   -1.215   -1.204   -1.004   -0.633   -0.861   -0.675   -0.441   -0.212   -0.572   -0.155   -0.530   -0.379   -0.284   -0.069   -0.154   -0.044   -0.347    0.041   -0.410   -0.412    0.105   -0.045   -0.233   -0.319    0.067   -0.619   -0.216    0.108    0.149   -0.697   -0.631   -0.289   -0.683   -0.654   -0.589   -0.933   -1.239   -1.284   -1.353   -1.110   -1.473   -1.868   -2.016   -1.816   -1.805   -1.750   -1.781   -1.491   -1.743   -1.134   -1.599   -1.691   -1.367   -1.199   -1.536   -1.253   -0.610   -0.622   -1.206   -0.569   -0.766   -0.762    0.010   -0.320   -0.527   -0.119   -0.335   -0.159   -0.471   -0.417   -0.227   -0.397   -0.121   -0.101   -0.549   -0.724   -0.304   -0.232   -0.711   -0.734   -0.561   -0.568   -0.909   -1.240   -1.177   -0.831   -1.115   -1.171   -1.495   -1.298   -1.606   -1.525   -2.022   -2.200   -1.776 
DATE 2017:115:20:48:40 obsn 176 az 131 el 71 freq_MHz  1424.0000 Tsys 158.644 Tant 279.430 vlsr   35.36 glat -5.585 glon 184.690 azoff 0.00 eloff 0.00 source Crab 
Fstart 1422.997 fstop 1425.003 spacing 0.009375 bw    2.400 fbw    2.000 MHz nfreq 256 nsam 5242880 npoint 214 integ   331 sigma    0.180 bsw 30
Spectrum    303 integration periods
  -1.246   -0.602   -0.749   -0.699   -1.053   -0.761   -0.734   -0.106   -0.390   -0.331    0.044   -0.186    0.085    0.078    0.366    0.831    0.904    0.948    0.675    1.031    1.092    1.693    1.582    1.453    1.219    1.494    2.077    1.408    1.377    1.008    0.970    1.042    1.167    0.744    1.044    0.582    0.646    0.462    0.501    0.297    0.374    0.140    0.368    0.187    0.016   -0.099    0.068   -0.537   -0.210   -0.322   -0.551   -0.645   -0.498   -0.316   -0.404   -0.596   -0.377   -0.452   -0.115   -0.631   -0.670    0.703    0.097    0.027   -0.192   -0.101   -0.217   -0.026    0.030    0.240    0.276    0.264    0.229    0.209    0.443    0.090    0.461    0.485    0.256    0.340    0.273    0.645    0.099    0.273    0.220    0.606    0.443    0.023    0.146   -0.011    0.399    0.182   -0.051   -0.181   -0.591   -0.423   -0.538   -0.162   -0.830   -1.041   -0.581   -0.845   -0.836   -1.517   -1.337   -1.384   -2.825   -2.031   -1.318   -1.743   -1.339   -1.482   -1.592   -1.629   -1.786   -1.494   -1.315   -1.492   -1.585   -1.597   -1.579   -1.347   -1.022   -1.188   -1.062   -0.840   -0.614   -0.980   -0.582   -0.890   -0.761   -0.745   -0.422   -0.540   -0.462   -0.781   -0.302   -0.770   -0.748   -0.290   -0.456   -0.636   -0.678   -0.328   -1.011   -0.616   -0.280   -0.271   -1.088   -0.999   -0.619   -1.064   -0.986   -0.931   -1.278   -1.566   -1.640   -1.690   -1.443   -1.758   -2.163   -2.342   -2.062   -2.121   -2.046   -2.041   -1.837   -2.102   -1.518   -1.946   -1.955   -1.668   -1.536   -1.834   -1.546   -0.957   -0.944   -1.483   -0.896   -1.104   -1.069   -0.390   -0.621   -0.811   -0.428   -0.657   -0.533   -0.752   -0.718   -0.557   -0.753   -0.441   -0.420   -0.900   -1.006   -0.640   -0.580   -0.995   -1.040   -0.874   -0.867   -1.189   -1.501   -1.505   -1.122   -1.383   -1.456   -1.749   -1.553   -1.845   -1.801   -2.310   -2.488   -2.021 
DATE 2017:115:20:49:17 obsn 177 az 116 el 71 freq_MHz  1424.0000 Tsys 158.644 Tant 293.042 vlsr   35.36 glat -5.585 glon 184.690 azoff -15.65 eloff 0.00 source Crab 
Fstart 1422.997 fstop 1425.003 spacing 0.009375 bw    2.400 fbw    2.000 MHz nfreq 256 nsam 5242880 npoint 214 integ   342 sigma    0.177 bsw 31
Spectrum    313 integration periods
  -1.047   -0.394   -0.586   -0.592   -0.903   -0.608   -0.616    0.067   -0.295   -0.233    0.190   -0.032    0.176    0.196    0.459    0.906    1.030    1.105    0.841    1.149    1.255    1.809    1.668    1.551    1.298    1.654    2.165    1.473    1.550    1.179    1.131    1.185    1.297    0.892    1.164    0.720    0.664    0.617    0.622    0.440    0.561    0.314    0.538    0.344    0.189    0.094    0.113   -0.394   -0.043   -0.224   -0.436   -0.543   -0.369   -0.223   -0.254   -0.465   -0.228   -0.318   -0.037   -0.527   -0.541    0.797    0.175    0.096   -0.119   -0.014   -0.123    0.091    0.080    0.349    0.402    0.371    0.313    0.264    0.493    0.197    0.586    0.573    0.302    0.406    0.344    0.766    0.186    0.362    0.277    0.687    0.502    0.086    0.237    0.091    0.457    0.255    0.031   -0.178   -0.545   -0.329   -0.456   -0.142   -0.735   -0.968   -0.517   -0.741   -0.787   -1.457   -1.329   -1.335   -2.735   -1.978   -1.261   -1.665   -1.264   -1.464   -1.555   -1.598   -1.732   -1.400   -1.270   -1.496   -1.526   -1.530   -1.580   -1.243   -0.976   -1.199   -1.082   -0.828   -0.647   -0.946   -0.565   -0.888   -0.746   -0.686   -0.438   -0.503   -0.513   -0.727   -0.289   -0.742   -0.718   -0.274   -0.437   -0.629   -0.693   -0.277   -1.041   -0.576   -0.278   -0.286   -1.104   -0.955   -0.533   -1.021   -0.955   -0.949   -1.246   -1.539   -1.645   -1.740   -1.434   -1.716   -2.114   -2.351   -2.026   -2.149   -2.056   -2.073   -1.834   -2.111   -1.497   -1.982   -1.982   -1.722   -1.570   -1.848   -1.552   -1.027   -1.020   -1.531   -1.001   -1.206   -1.128   -0.498   -0.659   -0.901   -0.519   -0.636   -0.585   -0.716   -0.690   -0.585   -0.819   -0.450   -0.481   -0.980   -1.026   -0.592   -0.622   -1.001   -1.054   -0.960   -0.946   -1.215   -1.460   -1.522   -1.143   -1.415   -1.494   -1.806   -1.566   -1.925   -1.827   -2.397   -2.519   -2.023 
DATE 2017:115:20:49:55 obsn 178 az 132 el 72 freq_MHz  1424.0000 Tsys 158.644 Tant 282.376 vlsr   35.36 glat -5.585 glon 184.690 azoff 0.00 eloff 0.00 source Crab 
Fstart 1422.997 fstop 1425.003 spacing 0.009375 bw    2.400 fbw    2.000 MHz nfreq 256 nsam 5242880 npoint 214 integ   353 sigma    0.174 bsw 32
Spectrum    323 integration periods
  -1.030   -0.408   -0.623   -0.681   -0.886   -0.611   -0.577    0.083   -0.321   -0.291    0.186   -0.027    0.132    0.197    0.478    0.840    0.984    0.984    0.815    1.115    1.250    1.823    1.690    1.515    1.307    1.646    2.096    1.456    1.560    1.227    1.172    1.175    1.238    0.915    1.145    0.711    0.720    0.679    0.594    0.441    0.550    0.273    0.525    0.343    0.163    0.052    0.075   -0.373   -0.047   -0.202   -0.407   -0.570   -0.361   -0.224   -0.323   -0.478   -0.290   -0.295   -0.066   -0.558   -0.594    0.799    0.052    0.031   -0.110   -0.051   -0.162    0.020    0.011    0.303    0.345    0.348    0.287    0.204    0.470    0.192    0.546    0.533    0.289    0.398    0.311    0.663    0.197    0.330    0.229    0.638    0.471    0.050    0.252    0.058    0.431    0.257    0.048   -0.149   -0.518   -0.343   -0.452   -0.122   -0.730   -0.998   -0.559   -0.798   -0.810   -1.451   -1.339   -1.352   -2.679   -1.994   -1.313   -1.654   -1.301   -1.459   -1.574   -1.649   -1.787   -1.467   -1.366   -1.561   -1.498   -1.561   -1.602   -1.258   -1.016   -1.179   -1.132   -0.811   -0.713   -0.997   -0.586   -0.973   -0.724   -0.684   -0.431   -0.483   -0.576   -0.786   -0.362   -0.749   -0.755   -0.313   -0.458   -0.661   -0.670   -0.320   -1.033   -0.581   -0.300   -0.359   -1.176   -0.998   -0.545   -1.037   -0.990   -1.000   -1.288   -1.571   -1.666   -1.758   -1.452   -1.754   -2.108   -2.331   -2.048   -2.143   -2.137   -2.201   -1.877   -2.156   -1.532   -2.025   -2.011   -1.815   -1.638   -1.944   -1.638   -1.104   -1.055   -1.616   -1.088   -1.303   -1.218   -0.608   -0.732   -0.971   -0.610   -0.720   -0.635   -0.735   -0.754   -0.641   -0.873   -0.504   -0.513   -0.992   -1.025   -0.636   -0.608   -0.989   -1.018   -0.941   -0.934   -1.256   -1.423   -1.546   -1.106   -1.478   -1.502   -1.792   -1.589   -1.916   -1.804   -2.395   -2.514   -1.964 
