DATE 2017:115:20:22:08 obsn 130 az 106 el 67 freq_MHz  1424.0000 Tsys 158.644 Tant 307.569 vlsr   35.37 glat -5.585 glon 184.690 azoff -12.71 eloff 0.00 source Crab 
Fstart 1422.997 fstop 1425.003 spacing 0.009375 bw    2.400 fbw    2.000 MHz nfreq 256 nsam 5242880 npoint 214 integ     2 sigma    2.217 bsw 3
Spectrum      2 integration periods
 458.846  446.682  453.889  452.494  444.538  452.170  448.428  452.032  450.680  451.341  447.406  446.644  447.251  448.926  449.970  449.609  452.173  452.156  447.471  450.268  452.507  450.344  452.336  452.050  447.210  452.095  455.395  453.000  451.609  449.271  451.336  455.279  455.536  458.174  451.357  452.623  451.020  450.498  448.736  453.141  453.405  456.832  451.608  453.909  449.699  449.593  451.633  454.848  454.878  447.403  449.207  453.203  450.787  446.921  450.412  448.069  449.022  447.502  449.314  450.699  452.009  447.640  454.579  451.682  451.189  447.449  450.349  449.892  452.581  451.502  449.965  447.964  448.219  446.412  450.720  447.777  448.201  450.518  449.448  451.570  451.644  447.050  446.365  454.010  449.928  447.263  448.991  448.793  453.470  451.836  447.830  448.371  450.434  451.536  452.046  446.428  444.944  449.774  450.153  449.681  447.671  449.155  447.176  447.772  445.180  446.535  456.994  453.604  447.829  456.210  445.967  446.217  443.921  453.136  442.939  449.389  443.458  450.223  447.163  448.669  443.322  453.045  447.323  448.229  448.403  450.271  450.581  455.283  446.981  451.889  442.492  448.362  450.613  447.146  449.142  451.060  451.574  451.116  453.630  444.623  446.255  445.308  452.420  451.628  449.267  452.596  451.350  443.989  447.429  447.783  451.018  447.509  447.487  444.679  445.953  450.018  447.607  448.090  444.975  442.927  445.035  443.615  443.018  446.576  444.727  447.548  445.182  448.200  447.418  449.024  443.747  442.032  443.735  444.074  442.676  439.878  444.825  442.984  445.629  450.163  447.177  445.475  443.677  437.900  443.204  443.207  449.123  441.303  443.994  445.602  452.666  439.794  438.897  446.933  443.716  441.820  441.755  445.390  448.321  446.931  448.071  445.968  449.740  448.222  442.693  449.704  449.119  442.631  446.806  444.078  446.598  445.857  450.798  448.359 
DATE 2017:115:20:22:35 obsn 131 az 119 el 67 freq_MHz  1424.0000 Tsys 158.644 Tant 299.421 vlsr   35.37 glat -5.585 glon 184.690 azoff 0.00 eloff 0.00 source Crab 
Fstart 1422.997 fstop 1425.003 spacing 0.009375 bw    2.400 fbw    2.000 MHz nfreq 256 nsam 5242880 npoint 214 integ    13 sigma    0.905 bsw 4
Spectrum     12 integration periods
 462.990  459.449  457.126  456.315  456.038  458.176  456.811  459.096  455.867  456.165  455.986  454.905  454.963  456.812  453.456  457.574  458.467  455.915  456.924  456.080  457.263  458.882  461.317  459.016  456.684  458.375  459.477  457.460  457.178  458.997  457.048  459.618  458.914  459.695  457.500  456.106  462.335  458.522  456.023  457.280  462.053  462.782  460.870  458.660  459.871  459.238  459.506  457.733  462.827  458.203  459.162  460.240  456.851  458.041  459.906  457.926  457.349  458.656  459.635  457.037  457.894  458.092  457.922  457.640  456.175  457.042  459.249  455.990  457.848  457.727  457.026  455.752  456.330  457.615  458.807  457.964  461.473  458.101  460.223  462.741  459.309  459.457  459.666  460.542  458.569  460.864  458.500  457.022  459.621  459.936  459.240  459.433  459.320  460.047  460.091  456.822  456.282  459.706  457.624  459.641  458.975  458.221  457.540  457.752  456.569  459.171  463.402  459.076  457.488  458.271  456.800  459.785  459.197  456.223  457.700  458.363  457.228  459.242  458.182  456.570  458.809  459.493  461.774  458.457  458.318  459.807  459.769  460.044  458.826  459.855  458.006  459.447  460.040  456.806  459.923  458.056  460.042  458.297  457.924  460.266  460.006  459.905  462.600  459.421  459.840  459.975  461.119  460.664  457.240  457.967  461.486  459.516  457.955  458.343  458.844  459.968  457.023  459.252  458.072  458.539  456.360  454.317  456.169  457.731  454.772  457.117  456.682  456.778  456.875  455.486  455.663  455.910  455.713  453.072  453.318  452.827  454.433  453.198  457.018  455.315  456.697  456.687  455.073  455.327  457.066  454.587  455.898  453.955  456.738  458.402  465.892  456.455  456.209  458.113  457.269  455.149  458.413  456.562  458.293  457.240  457.395  454.966  456.870  458.549  457.672  458.705  453.948  455.475  455.642  455.452  456.240  457.442  458.822  456.231 
DATE 2017:115:20:22:48 obsn 132 az 119 el 67 freq_MHz  1424.0000 Tsys 158.644 Tant 270.695 vlsr   35.37 glat -5.585 glon 184.690 azoff 0.00 eloff 0.00 source Crab 
Fstart 1422.997 fstop 1425.003 spacing 0.009375 bw    2.400 fbw    2.000 MHz nfreq 256 nsam 5242880 npoint 214 integ    24 sigma    0.668 bsw 4
Spectrum     22 integration periods
  -8.282   -8.725   -8.038   -8.393   -8.246   -9.079   -8.998   -7.614   -8.384   -8.925   -8.814   -8.409   -7.799   -8.553   -7.410   -8.064   -7.480   -7.502   -9.350   -6.921   -8.162   -8.540   -8.393   -8.849   -8.854   -8.835   -9.021   -7.905   -7.854   -7.887   -8.952   -9.701   -9.199   -8.597   -8.269   -7.372   -9.822   -9.600   -8.485   -8.697   -9.644  -11.427   -9.766   -8.884   -9.515   -9.209   -9.877   -9.304  -10.431   -9.402   -9.341   -9.571   -8.769   -8.748   -9.921   -8.719   -8.707   -8.830   -9.130   -8.175   -9.151   -9.784   -8.786   -7.993   -7.786   -8.868   -9.957   -8.724   -8.822   -8.920   -9.213   -8.490   -8.657   -9.419   -8.705   -9.337   -9.650   -9.694  -10.001   -9.099   -9.211   -9.743   -9.840  -10.181   -9.786   -9.416   -8.285   -9.769   -9.331  -10.706  -10.367  -10.080  -11.258   -9.820   -8.894   -9.721   -9.814   -9.721   -9.731  -10.795  -10.069  -10.253   -9.174   -9.667   -9.373   -9.648   -9.070   -8.745  -10.302   -9.624   -9.523  -11.210  -10.602   -8.981   -9.755   -9.685   -9.354   -9.830   -9.124   -9.403  -10.062   -9.788  -10.480  -10.160   -9.512   -9.566  -10.308  -10.328   -9.084   -9.180   -9.216   -9.820   -9.524   -9.187   -9.071   -8.868  -10.017   -8.516   -8.871  -10.503  -10.658  -10.552  -11.610  -10.304  -10.636   -9.973  -11.036  -10.649   -9.882   -8.814  -10.894  -10.087  -10.770   -9.844  -10.156  -10.508   -9.076  -10.907  -10.635  -10.199  -11.432   -9.159   -9.229  -10.642   -9.554   -9.714  -10.275   -9.794  -10.282   -8.820   -9.035   -9.659  -11.212   -9.781   -9.559   -9.632   -8.846   -9.691  -10.236   -9.834  -10.431  -10.740   -9.364  -10.082  -10.451   -9.970   -9.844  -10.386  -10.335  -11.444  -11.568  -11.933  -11.233  -10.930  -10.802  -10.088  -11.327   -9.961  -10.938  -10.705  -10.323   -9.991  -10.847  -11.141  -11.278  -11.369   -9.662  -10.555   -9.360  -10.782   -8.968  -10.175  -10.278   -9.218 
DATE 2017:115:20:23:15 obsn 133 az 132 el 67 freq_MHz  1424.0000 Tsys 158.644 Tant 278.699 vlsr   35.37 glat -5.585 glon 184.690 azoff 12.80 eloff 0.00 source Crab 
Fstart 1422.997 fstop 1425.003 spacing 0.009375 bw    2.400 fbw    2.000 MHz nfreq 256 nsam 5242880 npoint 214 integ    35 sigma    0.554 bsw 5
Spectrum     32 integration periods
  -5.705   -5.940   -5.116   -5.120   -5.312   -5.710   -6.277   -5.894   -5.250   -5.598   -5.685   -5.170   -4.637   -4.635   -4.117   -4.384   -3.606   -4.347   -6.025   -3.452   -4.703   -4.522   -4.360   -5.439   -5.035   -5.157   -5.754   -4.501   -4.485   -4.568   -5.931   -5.897   -5.727   -4.834   -4.766   -4.181   -5.819   -6.648   -5.307   -4.914   -5.616   -7.183   -6.232   -5.353   -6.070   -6.134   -6.312   -5.781   -6.271   -6.267   -5.968   -6.050   -5.527   -5.606   -6.317   -5.732   -5.608   -5.238   -6.075   -5.191   -5.605   -7.064   -5.654   -4.672   -4.652   -5.633   -6.373   -5.153   -5.148   -5.202   -5.611   -4.898   -5.116   -5.504   -5.240   -5.768   -5.468   -6.121   -5.778   -4.841   -5.430   -5.957   -6.012   -6.458   -6.384   -5.434   -4.715   -6.540   -5.873   -6.807   -6.622   -6.474   -7.722   -5.962   -5.643   -6.383   -6.473   -5.833   -6.391   -7.387   -6.800   -7.214   -6.058   -6.207   -6.207   -6.310   -6.012   -6.043   -7.409   -6.244   -6.780   -7.667   -7.585   -5.837   -6.060   -6.018   -6.300   -6.111   -5.700   -5.836   -6.550   -6.072   -6.809   -7.049   -6.128   -5.511   -6.137   -6.484   -4.868   -5.109   -5.869   -5.625   -5.372   -6.054   -4.898   -5.288   -6.563   -5.068   -5.562   -6.596   -7.000   -6.556   -7.282   -6.507   -6.742   -6.101   -6.909   -6.513   -6.602   -5.682   -7.299   -6.635   -7.709   -6.247   -6.994   -6.530   -6.214   -7.301   -7.210   -7.198   -8.531   -6.424   -6.402   -7.242   -6.453   -6.454   -6.718   -6.246   -7.204   -5.700   -5.300   -5.635   -7.504   -6.030   -6.337   -6.408   -5.111   -5.551   -6.018   -5.982   -6.600   -6.730   -5.787   -6.135   -6.535   -6.277   -5.692   -6.688   -6.042   -6.963   -6.802   -7.761   -7.300   -6.810   -6.650   -5.818   -7.073   -6.610   -6.842   -7.135   -6.688   -6.559   -6.854   -7.675   -7.522   -7.410   -6.836   -6.481   -5.278   -7.240   -5.920   -6.879   -7.048   -6.666 
DATE 2017:115:20:23:50 obsn 134 az 120 el 67 freq_MHz  1424.0000 Tsys 158.644 Tant 294.974 vlsr   35.37 glat -5.585 glon 184.690 azoff 0.00 eloff 0.00 source Crab 
Fstart 1422.997 fstop 1425.003 spacing 0.009375 bw    2.400 fbw    2.000 MHz nfreq 256 nsam 5242880 npoint 214 integ    46 sigma    0.484 bsw 6
Spectrum     42 integration periods
  -4.289   -4.123   -3.719   -3.423   -3.533   -3.727   -4.199   -4.304   -3.151   -3.589   -3.809   -3.011   -3.008   -2.814   -2.402   -2.848   -2.329   -2.824   -3.663   -2.395   -2.530   -2.667   -2.859   -3.953   -3.653   -3.245   -3.617   -3.089   -2.751   -3.211   -4.161   -4.077   -3.477   -3.069   -3.206   -2.687   -4.156   -4.718   -3.698   -3.196   -3.820   -4.888   -4.150   -3.868   -4.647   -4.467   -4.135   -3.948   -4.218   -4.450   -4.191   -4.245   -3.960   -4.336   -4.259   -3.701   -3.617   -3.457   -3.766   -3.617   -3.343   -4.475   -4.195   -3.275   -2.975   -3.902   -4.163   -3.670   -3.361   -3.390   -3.722   -3.094   -3.382   -3.054   -3.476   -3.868   -3.832   -3.882   -3.779   -3.186   -3.581   -3.956   -3.605   -4.389   -4.164   -4.075   -3.663   -4.315   -4.093   -4.779   -5.319   -4.352   -6.189   -4.939   -4.430   -4.741   -4.988   -4.193   -4.405   -5.066   -4.922   -5.085   -4.688   -4.338   -4.239   -4.757   -3.790   -4.454   -5.365   -4.282   -5.023   -5.801   -5.777   -4.399   -4.004   -3.905   -4.918   -4.514   -4.530   -3.728   -4.508   -4.613   -5.013   -4.884   -4.468   -4.267   -4.420   -4.294   -2.818   -3.871   -4.151   -3.712   -3.985   -4.622   -3.434   -3.540   -4.935   -3.934   -3.913   -4.598   -5.143   -4.229   -4.992   -5.254   -5.283   -4.667   -5.023   -4.543   -4.266   -4.226   -5.276   -5.008   -5.480   -4.418   -5.129   -4.718   -4.022   -4.906   -5.059   -4.905   -6.039   -4.585   -4.189   -4.832   -4.520   -4.395   -4.355   -4.329   -4.795   -3.734   -3.674   -3.449   -4.958   -3.664   -4.231   -3.857   -3.511   -3.711   -4.517   -4.177   -4.767   -4.480   -2.981   -3.838   -4.440   -4.265   -3.909   -4.030   -3.501   -4.998   -4.208   -4.415   -4.770   -4.541   -4.476   -3.147   -4.490   -4.208   -4.425   -4.880   -4.583   -4.547   -3.531   -5.129   -4.674   -5.052   -4.471   -4.189   -3.365   -4.667   -4.191   -4.561   -4.820   -4.519 
DATE 2017:115:20:24:17 obsn 135 az 107 el 67 freq_MHz  1424.0000 Tsys 158.644 Tant 317.676 vlsr   35.37 glat -5.585 glon 184.690 azoff -12.90 eloff 0.00 source Crab 
Fstart 1422.997 fstop 1425.003 spacing 0.009375 bw    2.400 fbw    2.000 MHz nfreq 256 nsam 5242880 npoint 214 integ    57 sigma    0.435 bsw 7
Spectrum     52 integration periods
  -5.214   -5.270   -5.194   -4.836   -4.964   -4.947   -5.534   -5.770   -4.666   -4.664   -5.187   -4.586   -4.722   -4.237   -3.697   -4.455   -3.681   -4.369   -4.849   -4.194   -4.152   -4.305   -4.320   -5.481   -5.053   -4.820   -4.542   -4.699   -4.446   -4.456   -5.564   -5.525   -4.967   -4.423   -4.699   -4.034   -5.178   -6.100   -5.254   -4.709   -5.126   -6.115   -5.570   -5.128   -6.167   -5.537   -5.564   -5.466   -5.287   -5.809   -5.300   -5.368   -5.120   -5.455   -5.603   -5.436   -4.800   -4.574   -4.932   -4.814   -4.817   -5.608   -5.433   -4.799   -4.541   -5.020   -5.494   -5.275   -4.885   -4.565   -5.297   -4.365   -4.584   -4.520   -4.255   -4.771   -5.044   -5.092   -4.752   -4.532   -4.769   -4.984   -4.899   -5.904   -5.264   -5.014   -4.629   -5.886   -5.206   -5.982   -6.486   -5.355   -6.908   -6.115   -5.566   -5.875   -5.948   -5.368   -5.599   -6.363   -5.825   -6.031   -5.750   -5.458   -5.452   -5.476   -5.027   -5.120   -5.745   -5.233   -5.859   -6.332   -6.392   -5.261   -5.142   -4.987   -5.964   -5.281   -5.372   -4.343   -5.276   -5.674   -5.659   -5.652   -5.328   -5.323   -5.627   -5.222   -4.104   -4.624   -4.886   -4.836   -4.778   -5.445   -4.831   -4.524   -5.615   -4.745   -5.004   -5.359   -6.002   -5.168   -5.875   -5.962   -6.243   -5.788   -6.037   -5.641   -5.166   -5.126   -5.838   -5.632   -6.365   -5.201   -5.798   -5.309   -4.666   -5.643   -5.786   -5.564   -6.564   -5.275   -4.781   -5.721   -5.187   -4.985   -4.674   -4.971   -5.534   -4.688   -4.424   -3.986   -5.420   -4.526   -4.865   -4.356   -4.198   -4.430   -5.372   -4.971   -5.207   -4.926   -3.648   -4.485   -4.857   -4.328   -4.600   -4.553   -4.213   -5.444   -5.194   -4.961   -5.212   -5.151   -5.362   -4.098   -5.188   -4.839   -5.139   -5.613   -5.130   -5.677   -3.922   -5.637   -5.160   -5.320   -5.108   -5.110   -3.895   -5.131   -4.617   -5.070   -5.093   -4.744 
DATE 2017:115:20:24:44 obsn 136 az 120 el 67 freq_MHz  1424.0000 Tsys 158.644 Tant 284.689 vlsr   35.37 glat -5.585 glon 184.690 azoff 0.00 eloff 0.00 source Crab 
Fstart 1422.997 fstop 1425.003 spacing 0.009375 bw    2.400 fbw    2.000 MHz nfreq 256 nsam 5242880 npoint 214 integ    68 sigma    0.398 bsw 8
Spectrum     62 integration periods
  -5.216   -5.266   -5.358   -4.542   -4.694   -5.099   -5.589   -5.606   -4.616   -4.470   -4.888   -4.524   -4.757   -4.266   -3.753   -4.679   -3.619   -4.701   -4.935   -4.118   -4.143   -4.222   -4.463   -5.234   -5.128   -4.986   -4.747   -4.668   -4.300   -4.605   -5.115   -4.982   -4.798   -4.712   -4.919   -4.328   -5.134   -6.246   -5.196   -4.967   -4.951   -5.940   -5.356   -5.065   -5.868   -5.604   -5.610   -5.528   -5.194   -5.981   -5.293   -5.505   -5.605   -5.359   -5.751   -5.335   -4.994   -4.565   -5.085   -5.350   -5.072   -5.574   -5.160   -4.689   -4.896   -4.967   -5.452   -5.460   -4.946   -4.603   -5.070   -4.194   -4.761   -4.595   -4.733   -5.048   -5.276   -5.226   -4.697   -4.893   -4.832   -4.861   -5.246   -5.936   -5.717   -5.452   -4.774   -6.044   -5.338   -5.975   -6.623   -5.819   -6.820   -6.214   -5.807   -5.844   -6.218   -5.686   -6.021   -6.513   -5.735   -6.137   -5.798   -5.796   -5.755   -5.691   -5.238   -5.501   -6.126   -5.455   -6.140   -6.578   -6.412   -5.578   -5.455   -5.161   -6.155   -5.632   -5.451   -4.754   -5.275   -6.063   -5.795   -5.959   -5.770   -5.803   -6.027   -5.557   -4.602   -5.032   -5.203   -5.208   -5.277   -5.904   -5.524   -5.336   -6.380   -5.383   -5.657   -5.762   -6.358   -5.657   -6.485   -6.417   -6.487   -6.236   -6.389   -6.503   -5.754   -5.822   -6.519   -6.319   -7.058   -6.000   -6.645   -5.877   -5.237   -6.119   -6.391   -6.182   -6.921   -6.002   -5.503   -6.396   -5.858   -5.868   -5.136   -5.660   -5.996   -5.528   -4.996   -4.559   -5.863   -5.449   -5.242   -4.804   -4.744   -4.991   -5.588   -5.532   -5.832   -5.513   -4.539   -5.438   -5.106   -4.786   -5.289   -5.057   -4.926   -5.948   -5.869   -5.416   -5.729   -5.833   -5.880   -4.863   -6.075   -5.249   -5.707   -6.187   -5.740   -6.235   -4.842   -6.388   -5.759   -5.934   -5.572   -5.837   -4.780   -5.429   -5.200   -5.595   -5.878   -5.427 
DATE 2017:115:20:25:11 obsn 137 az 133 el 67 freq_MHz  1424.0000 Tsys 158.644 Tant 290.863 vlsr   35.37 glat -5.585 glon 184.690 azoff 12.99 eloff 0.00 source Crab 
Fstart 1422.997 fstop 1425.003 spacing 0.009375 bw    2.400 fbw    2.000 MHz nfreq 256 nsam 5242880 npoint 214 integ    79 sigma    0.370 bsw 9
Spectrum     72 integration periods
  -5.215   -5.502   -5.335   -4.649   -4.871   -5.268   -5.448   -5.672   -4.761   -4.624   -4.832   -4.497   -4.495   -4.271   -4.051   -4.459   -3.821   -4.596   -4.613   -4.079   -4.088   -4.233   -4.500   -5.101   -5.060   -4.929   -4.656   -4.356   -4.270   -4.576   -4.947   -4.846   -4.781   -4.754   -4.963   -4.302   -5.002   -6.087   -5.296   -5.032   -5.050   -5.699   -5.358   -4.893   -5.769   -5.481   -5.249   -5.439   -5.143   -6.032   -5.483   -5.656   -5.704   -5.140   -5.721   -5.407   -4.809   -4.564   -5.125   -5.346   -4.986   -5.357   -5.014   -4.757   -4.994   -5.134   -5.389   -5.347   -4.840   -4.648   -4.804   -4.347   -4.834   -4.463   -4.874   -5.287   -5.161   -5.093   -4.738   -4.775   -4.687   -4.728   -5.043   -5.950   -5.557   -5.359   -5.003   -6.096   -5.355   -6.004   -6.719   -5.663   -6.548   -6.476   -5.836   -5.852   -6.353   -5.745   -6.059   -6.478   -5.971   -6.105   -5.897   -6.250   -5.952   -6.022   -5.653   -5.842   -6.429   -5.974   -6.430   -6.874   -6.371   -6.008   -5.933   -5.414   -6.402   -5.733   -5.684   -5.207   -5.306   -6.019   -5.782   -5.905   -5.920   -5.918   -6.027   -5.921   -5.057   -5.518   -5.604   -5.533   -5.495   -6.232   -5.642   -5.516   -6.421   -5.800   -5.915   -5.755   -6.429   -5.629   -6.366   -6.447   -6.644   -6.460   -6.512   -6.522   -5.978   -6.118   -6.809   -6.479   -7.063   -6.369   -6.890   -6.076   -5.635   -6.603   -6.818   -6.294   -7.123   -6.204   -5.771   -6.491   -6.065   -6.103   -5.514   -5.828   -6.004   -5.727   -5.333   -4.797   -6.112   -5.481   -5.397   -5.265   -5.083   -5.334   -5.947   -5.602   -5.521   -5.659   -4.946   -5.681   -5.098   -5.062   -5.578   -5.021   -5.047   -5.801   -5.533   -5.474   -5.995   -6.052   -5.767   -4.979   -6.106   -5.537   -5.956   -5.820   -5.915   -6.622   -5.019   -6.365   -5.915   -6.101   -5.644   -5.968   -4.745   -5.694   -5.293   -5.599   -6.148   -5.920 
DATE 2017:115:20:25:38 obsn 138 az 120 el 67 freq_MHz  1424.0000 Tsys 158.644 Tant 281.706 vlsr   35.37 glat -5.585 glon 184.690 azoff 0.00 eloff 0.00 source Crab 
Fstart 1422.997 fstop 1425.003 spacing 0.009375 bw    2.400 fbw    2.000 MHz nfreq 256 nsam 5242880 npoint 214 integ    90 sigma    0.346 bsw 10
Spectrum     82 integration periods
  -4.719   -4.832   -4.785   -4.061   -4.266   -4.640   -4.810   -4.877   -4.174   -3.915   -4.327   -3.708   -4.044   -3.740   -3.184   -3.828   -3.203   -4.062   -3.739   -3.595   -3.479   -3.730   -4.000   -4.453   -4.191   -4.009   -4.227   -3.702   -3.756   -4.003   -4.315   -3.913   -4.162   -3.755   -4.605   -3.645   -4.338   -5.024   -4.583   -4.468   -4.313   -4.888   -4.680   -4.068   -4.930   -4.792   -4.603   -4.629   -4.431   -4.981   -4.950   -4.731   -4.855   -4.532   -5.037   -4.691   -4.114   -3.882   -4.281   -4.313   -4.535   -4.591   -4.123   -4.268   -4.280   -4.436   -4.820   -4.453   -4.216   -4.066   -4.155   -3.623   -4.008   -3.781   -4.153   -4.319   -4.467   -4.395   -3.983   -4.120   -4.088   -3.977   -4.314   -5.241   -4.811   -4.504   -4.298   -5.253   -4.586   -5.369   -5.967   -4.892   -5.881   -5.788   -5.292   -5.217   -5.740   -5.154   -5.405   -5.810   -5.406   -5.360   -5.336   -5.550   -5.256   -5.415   -5.155   -5.274   -5.880   -5.301   -5.856   -6.370   -5.720   -5.452   -5.244   -4.846   -5.635   -5.038   -5.124   -4.625   -4.786   -5.274   -5.134   -5.181   -5.322   -5.332   -5.526   -5.218   -4.371   -4.753   -4.901   -5.147   -4.935   -5.468   -4.989   -4.903   -5.809   -5.326   -5.411   -5.022   -5.608   -5.030   -5.714   -5.732   -6.112   -5.896   -6.054   -5.875   -5.431   -5.652   -6.061   -5.896   -6.296   -5.782   -6.330   -5.610   -5.137   -6.019   -6.455   -5.544   -6.395   -5.675   -5.392   -5.655   -5.616   -5.519   -5.104   -5.270   -5.353   -5.087   -4.911   -4.255   -5.347   -4.977   -4.892   -4.802   -4.577   -4.580   -5.417   -5.125   -4.867   -5.065   -4.335   -5.167   -4.471   -4.253   -4.779   -4.465   -4.589   -5.233   -4.695   -4.977   -5.410   -5.393   -5.098   -4.517   -5.414   -5.178   -5.442   -5.347   -5.239   -5.998   -4.719   -5.742   -5.307   -5.729   -5.215   -5.495   -4.580   -5.277   -4.818   -5.028   -5.679   -5.673 
DATE 2017:115:20:26:12 obsn 139 az 107 el 68 freq_MHz  1424.0000 Tsys 158.644 Tant 298.034 vlsr   35.37 glat -5.585 glon 184.690 azoff -13.09 eloff 0.00 source Crab 
Fstart 1422.997 fstop 1425.003 spacing 0.009375 bw    2.400 fbw    2.000 MHz nfreq 256 nsam 5242880 npoint 214 integ   100 sigma    0.327 bsw 11
Spectrum     92 integration periods
  -4.092   -4.277   -4.203   -3.688   -3.817   -4.119   -4.353   -4.464   -3.708   -3.484   -3.819   -3.293   -3.657   -3.237   -2.617   -3.297   -2.652   -3.766   -3.258   -2.985   -3.052   -3.316   -3.783   -4.128   -3.927   -3.689   -3.697   -3.335   -3.336   -3.590   -3.835   -3.511   -3.643   -3.436   -4.324   -3.267   -4.021   -4.537   -4.101   -4.138   -3.963   -4.490   -4.445   -3.727   -4.475   -4.369   -4.377   -4.305   -4.203   -4.580   -4.441   -4.353   -4.685   -4.176   -4.753   -4.341   -3.932   -3.420   -3.849   -3.973   -4.044   -4.257   -3.702   -4.021   -4.115   -4.202   -4.461   -4.012   -3.941   -3.858   -3.924   -3.286   -3.824   -3.740   -3.895   -3.913   -4.332   -4.108   -3.778   -3.965   -4.028   -3.461   -4.033   -4.950   -4.476   -4.139   -4.169   -5.131   -4.363   -5.051   -5.719   -4.744   -5.662   -5.703   -5.091   -5.135   -5.459   -4.964   -5.207   -5.530   -5.093   -4.971   -5.358   -5.306   -5.042   -5.297   -4.977   -5.307   -5.688   -5.049   -5.644   -6.193   -5.456   -5.393   -5.213   -4.746   -5.328   -4.717   -4.938   -4.508   -4.668   -4.857   -4.998   -5.015   -5.075   -5.137   -5.223   -5.022   -4.332   -4.599   -4.593   -4.948   -5.000   -5.332   -4.862   -4.628   -5.868   -5.317   -5.283   -4.992   -5.416   -4.796   -5.814   -5.724   -5.958   -5.839   -6.110   -5.731   -5.523   -5.441   -6.120   -5.986   -6.047   -5.511   -6.128   -5.708   -5.059   -6.069   -6.342   -5.563   -6.459   -5.836   -5.546   -5.604   -5.654   -5.352   -5.233   -5.312   -5.486   -5.053   -4.842   -4.326   -5.138   -4.899   -4.902   -4.829   -4.609   -4.652   -5.362   -5.005   -4.801   -5.009   -4.301   -5.015   -4.707   -4.402   -4.892   -4.556   -4.825   -5.168   -4.847   -5.095   -5.281   -5.472   -5.114   -4.701   -5.355   -5.448   -5.507   -5.534   -5.430   -5.832   -4.710   -5.688   -5.493   -5.822   -5.294   -5.669   -4.816   -5.502   -4.941   -5.119   -5.754   -5.850 
DATE 2017:115:20:26:39 obsn 140 az 121 el 68 freq_MHz  1424.0000 Tsys 158.644 Tant 299.093 vlsr   35.37 glat -5.585 glon 184.690 azoff 0.00 eloff 0.00 source Crab 
Fstart 1422.997 fstop 1425.003 spacing 0.009375 bw    2.400 fbw    2.000 MHz nfreq 256 nsam 5242880 npoint 214 integ   111 sigma    0.310 bsw 12
Spectrum    102 integration periods
  -3.743   -3.968   -4.033   -3.524   -3.565   -3.767   -4.052   -4.171   -3.608   -3.212   -3.643   -3.244   -3.374   -3.058   -2.595   -3.254   -2.504   -3.803   -3.090   -2.649   -3.043   -3.224   -3.485   -3.992   -3.684   -3.753   -3.486   -3.238   -3.199   -3.475   -3.759   -3.454   -3.566   -3.316   -4.182   -3.234   -3.921   -4.597   -3.992   -4.073   -3.765   -4.213   -4.245   -3.517   -4.226   -4.140   -4.186   -4.124   -3.910   -4.357   -4.146   -3.980   -4.380   -4.061   -4.494   -4.078   -3.676   -3.288   -3.608   -3.809   -3.701   -4.005   -3.537   -3.990   -3.988   -4.007   -4.157   -3.727   -3.883   -3.645   -3.747   -3.141   -3.684   -3.560   -3.670   -3.629   -4.089   -3.892   -3.633   -3.783   -3.914   -3.426   -3.785   -4.781   -4.308   -3.965   -4.083   -4.927   -4.200   -4.863   -5.440   -4.535   -5.324   -5.509   -4.890   -4.855   -5.158   -4.855   -5.060   -5.243   -4.750   -4.614   -5.063   -5.221   -5.026   -5.179   -4.705   -4.824   -5.272   -4.903   -5.315   -5.948   -5.174   -5.196   -4.872   -4.433   -5.027   -4.557   -4.857   -4.240   -4.345   -4.531   -4.715   -4.827   -4.902   -4.911   -5.112   -4.714   -4.226   -4.446   -4.452   -4.440   -4.853   -5.103   -4.693   -4.409   -5.694   -4.996   -5.124   -4.871   -5.227   -4.565   -5.701   -5.573   -5.858   -5.572   -5.958   -5.687   -5.295   -5.306   -5.800   -5.903   -5.934   -5.265   -5.953   -5.483   -4.843   -5.786   -5.918   -5.278   -6.102   -5.636   -5.378   -5.305   -5.547   -5.141   -5.145   -5.146   -5.371   -4.853   -4.627   -4.118   -4.840   -4.633   -4.776   -4.778   -4.451   -4.656   -5.192   -4.747   -4.669   -4.887   -4.012   -4.822   -4.389   -4.375   -4.835   -4.522   -4.652   -5.058   -5.021   -5.019   -5.130   -5.204   -4.989   -4.539   -4.957   -5.330   -5.487   -5.442   -5.337   -5.649   -4.678   -5.515   -5.332   -5.719   -5.366   -5.511   -4.686   -5.312   -4.889   -5.073   -5.661   -5.659 
DATE 2017:115:20:27:06 obsn 141 az 134 el 68 freq_MHz  1424.0000 Tsys 158.644 Tant 281.173 vlsr   35.36 glat -5.585 glon 184.690 azoff 13.19 eloff 0.00 source Crab 
Fstart 1422.997 fstop 1425.003 spacing 0.009375 bw    2.400 fbw    2.000 MHz nfreq 256 nsam 5242880 npoint 214 integ   122 sigma    0.296 bsw 13
Spectrum    112 integration periods
  -2.657   -2.932   -2.858   -2.439   -2.419   -2.659   -2.770   -3.141   -2.497   -2.059   -2.604   -2.160   -2.157   -1.894   -1.589   -2.200   -1.349   -2.707   -1.935   -1.622   -1.879   -2.143   -2.425   -2.977   -2.624   -2.528   -2.353   -2.260   -2.252   -2.463   -2.668   -2.387   -2.568   -2.290   -3.032   -2.170   -2.819   -3.359   -2.868   -2.889   -2.694   -3.300   -3.188   -2.502   -3.135   -3.171   -3.095   -3.037   -2.907   -3.355   -3.250   -2.976   -3.341   -3.107   -3.403   -3.272   -2.620   -2.145   -2.586   -2.859   -2.639   -2.863   -2.464   -2.890   -2.999   -2.827   -3.009   -2.723   -2.911   -2.631   -2.917   -2.128   -2.626   -2.549   -2.819   -2.601   -2.843   -2.984   -2.564   -2.735   -2.850   -2.429   -2.707   -3.672   -3.133   -2.786   -3.179   -3.809   -3.200   -3.840   -4.181   -3.516   -4.089   -4.259   -3.803   -3.859   -4.052   -3.673   -3.969   -4.190   -3.753   -3.631   -3.827   -4.278   -4.025   -4.162   -3.660   -3.595   -4.217   -3.725   -4.261   -4.772   -4.161   -4.093   -3.707   -3.255   -3.862   -3.537   -3.731   -3.037   -3.298   -3.417   -3.574   -3.713   -3.718   -3.782   -3.901   -3.606   -3.169   -3.327   -3.448   -3.412   -3.762   -3.839   -3.653   -3.435   -4.497   -3.864   -3.962   -3.791   -4.163   -3.598   -4.619   -4.440   -4.624   -4.419   -4.685   -4.464   -4.164   -4.194   -4.597   -4.692   -4.785   -4.196   -4.727   -4.443   -3.906   -4.797   -4.867   -4.095   -4.973   -4.659   -4.078   -4.218   -4.257   -4.145   -3.981   -4.206   -4.340   -3.768   -3.501   -3.174   -3.733   -3.640   -3.725   -3.884   -3.391   -3.654   -4.008   -3.674   -3.531   -3.716   -3.082   -3.727   -3.347   -3.414   -3.733   -3.372   -3.714   -3.886   -3.856   -3.832   -4.123   -4.037   -3.914   -3.521   -4.044   -4.197   -4.362   -4.263   -4.362   -4.472   -3.580   -4.375   -4.249   -4.579   -4.361   -4.146   -3.733   -4.108   -3.855   -4.282   -4.592   -4.624 
DATE 2017:115:20:27:33 obsn 142 az 121 el 68 freq_MHz  1424.0000 Tsys 158.644 Tant 285.909 vlsr   35.36 glat -5.585 glon 184.690 azoff 0.00 eloff 0.00 source Crab 
Fstart 1422.997 fstop 1425.003 spacing 0.009375 bw    2.400 fbw    2.000 MHz nfreq 256 nsam 5242880 npoint 214 integ   133 sigma    0.284 bsw 14
Spectrum    122 integration periods
 454.049  451.463  449.811  449.360  449.125  449.006  449.291  452.379  449.248  448.188  447.981  447.905  447.144  448.198  447.952  448.814  449.640  449.005  448.190  448.316  449.395  449.024  449.633  449.778  448.383  449.643  450.658  449.687  450.012  450.379  449.333  449.719  449.809  449.136  448.466  448.946  450.145  448.959  448.860  448.719  449.669  448.584  448.315  447.717  448.602  449.626  448.292  448.304  449.470  449.390  448.439  449.077  448.829  449.696  449.182  449.839  449.034  449.335  449.352  448.991  448.827  448.761  449.107  448.862  448.405  447.705  448.593  446.504  447.621  446.265  446.603  447.143  447.480  447.463  447.403  447.071  448.373  448.109  448.026  449.414  448.405  448.377  448.821  449.437  448.733  448.745  448.607  447.305  448.614  447.452  446.961  446.732  446.564  447.035  448.898  446.702  447.220  447.036  446.913  447.690  447.319  446.312  446.262  447.054  447.124  446.805  451.939  448.851  445.835  446.555  446.180  446.202  446.682  446.235  446.376  446.487  446.963  445.540  446.286  446.341  446.094  446.546  447.154  446.272  446.288  447.112  445.647  446.238  446.180  446.084  446.766  446.689  446.354  445.828  445.957  446.232  447.490  446.580  446.598  447.019  446.560  447.395  446.653  446.051  445.794  446.803  446.587  446.766  446.411  446.740  446.490  446.596  445.579  445.447  446.058  446.136  445.715  445.618  445.249  446.686  445.014  444.163  444.485  443.915  444.126  443.600  443.222  442.989  443.873  443.900  442.976  442.989  442.543  441.655  442.159  441.993  442.135  440.957  442.223  442.353  442.173  442.142  442.006  442.330  442.981  441.782  442.035  442.269  442.667  442.575  449.367  442.683  442.402  442.897  442.393  443.149  442.503  443.282  443.737  443.495  443.033  442.782  442.862  444.265  443.324  443.672  443.536  442.670  441.450  441.819  443.061  444.767  444.163  445.616 
DATE 2017:115:20:27:46 obsn 143 az 121 el 68 freq_MHz  1424.0000 Tsys 158.644 Tant 294.492 vlsr   35.36 glat -5.585 glon 184.690 azoff 0.00 eloff 0.00 source Crab 
Fstart 1422.997 fstop 1425.003 spacing 0.009375 bw    2.400 fbw    2.000 MHz nfreq 256 nsam 5242880 npoint 214 integ   144 sigma    0.273 bsw 14
Spectrum    132 integration periods
  -1.376   -1.810   -1.578   -1.264   -1.113   -1.332   -1.728   -2.101   -1.359   -0.735   -1.053   -0.942   -0.910   -0.543   -0.518   -1.035   -0.069   -1.328   -0.817   -0.527   -0.630   -0.733   -1.071   -1.738   -1.255   -1.148   -0.931   -0.897   -0.980   -1.219   -1.610   -1.238   -1.309   -1.217   -1.770   -0.953   -1.490   -2.032   -1.635   -1.610   -1.426   -1.979   -1.730   -1.316   -1.931   -2.042   -2.011   -1.800   -1.811   -2.138   -1.886   -1.735   -2.210   -1.958   -2.186   -2.122   -1.464   -0.989   -1.356   -1.469   -1.242   -1.677   -1.339   -1.751   -1.712   -1.624   -1.826   -1.258   -1.695   -1.223   -1.578   -0.900   -1.211   -1.372   -1.747   -1.337   -1.634   -1.782   -1.395   -1.479   -1.487   -1.079   -1.164   -2.165   -1.637   -1.683   -2.034   -2.313   -2.006   -2.460   -2.712   -2.072   -2.766   -2.950   -2.524   -2.505   -2.880   -2.172   -2.583   -2.759   -2.475   -2.322   -2.383   -3.021   -2.594   -2.804   -2.092   -2.175   -2.945   -2.363   -2.823   -3.173   -2.590   -2.575   -2.587   -2.185   -2.650   -2.372   -2.223   -1.867   -2.065   -2.172   -2.225   -2.537   -2.394   -2.361   -2.520   -2.311   -2.032   -2.236   -2.176   -2.177   -2.325   -2.275   -2.263   -2.271   -3.133   -2.453   -2.621   -2.318   -2.960   -2.283   -3.258   -2.972   -3.317   -3.122   -3.229   -3.085   -3.019   -2.860   -3.239   -3.387   -3.504   -2.984   -3.468   -3.273   -2.625   -3.502   -3.742   -2.798   -3.559   -3.220   -2.774   -2.853   -3.037   -2.938   -2.766   -3.166   -3.106   -2.701   -2.411   -1.948   -2.667   -2.484   -2.498   -2.547   -2.282   -2.327   -2.699   -2.443   -2.251   -2.568   -1.862   -2.423   -2.210   -2.205   -2.542   -2.208   -2.408   -2.765   -2.481   -2.724   -2.911   -2.852   -2.704   -2.511   -2.795   -2.900   -3.227   -3.134   -2.997   -3.214   -2.413   -3.285   -2.736   -3.261   -3.097   -2.866   -2.613   -2.916   -2.720   -3.045   -3.460   -3.424 
DATE 2017:115:20:28:13 obsn 144 az 108 el 68 freq_MHz  1424.0000 Tsys 158.644 Tant 302.089 vlsr   35.36 glat -5.585 glon 184.690 azoff -13.28 eloff 0.00 source Crab 
Fstart 1422.997 fstop 1425.003 spacing 0.009375 bw    2.400 fbw    2.000 MHz nfreq 256 nsam 5242880 npoint 214 integ   155 sigma    0.263 bsw 15
Spectrum    142 integration periods
  -1.982   -2.308   -2.116   -1.869   -1.848   -1.868   -2.208   -2.442   -1.854   -1.257   -1.605   -1.491   -1.546   -1.040   -1.115   -1.615   -0.570   -1.732   -1.366   -1.091   -1.133   -1.428   -1.568   -2.283   -1.842   -1.767   -1.478   -1.416   -1.483   -1.651   -2.098   -1.759   -1.872   -1.678   -2.291   -1.401   -2.004   -2.577   -2.202   -2.122   -2.011   -2.443   -2.283   -1.970   -2.452   -2.574   -2.583   -2.402   -2.366   -2.698   -2.483   -2.212   -2.700   -2.523   -2.683   -2.660   -2.006   -1.618   -1.902   -2.031   -1.804   -2.363   -1.905   -2.317   -2.213   -2.038   -2.243   -1.825   -2.325   -1.733   -2.116   -1.467   -1.797   -1.876   -2.271   -1.828   -2.131   -2.272   -1.935   -1.968   -2.026   -1.616   -1.722   -2.820   -2.265   -2.214   -2.731   -2.974   -2.692   -3.101   -3.332   -2.641   -3.406   -3.486   -3.051   -3.033   -3.247   -2.891   -3.236   -3.420   -3.082   -2.889   -2.998   -3.612   -3.238   -3.347   -2.800   -2.780   -3.555   -3.122   -3.257   -3.854   -3.057   -3.052   -3.242   -2.768   -3.206   -2.933   -2.841   -2.397   -2.688   -2.679   -2.675   -3.101   -2.912   -2.789   -3.005   -2.790   -2.576   -2.755   -2.541   -2.616   -2.732   -2.649   -2.824   -2.826   -3.613   -2.978   -3.100   -2.882   -3.486   -2.797   -3.675   -3.533   -3.945   -3.714   -3.747   -3.557   -3.633   -3.417   -3.854   -4.033   -4.071   -3.660   -4.052   -3.880   -3.265   -4.105   -4.347   -3.350   -4.229   -3.930   -3.306   -3.462   -3.614   -3.533   -3.324   -3.679   -3.720   -3.224   -3.034   -2.547   -3.285   -3.044   -2.949   -3.049   -2.791   -2.811   -3.175   -3.143   -2.866   -3.043   -2.393   -2.963   -2.794   -2.864   -3.126   -2.697   -2.882   -3.393   -3.207   -3.103   -3.427   -3.323   -3.262   -3.093   -3.348   -3.406   -3.687   -3.731   -3.533   -3.822   -2.957   -3.742   -3.282   -3.660   -3.708   -3.356   -3.247   -3.478   -3.290   -3.562   -4.031   -3.836 
DATE 2017:115:20:28:40 obsn 145 az 121 el 68 freq_MHz  1424.0000 Tsys 158.644 Tant 298.661 vlsr   35.36 glat -5.585 glon 184.690 azoff 0.00 eloff 0.00 source Crab 
Fstart 1422.997 fstop 1425.003 spacing 0.009375 bw    2.400 fbw    2.000 MHz nfreq 256 nsam 5242880 npoint 214 integ   166 sigma    0.254 bsw 16
Spectrum    152 integration periods
  -1.555   -1.700   -1.565   -1.387   -1.483   -1.474   -1.621   -2.021   -1.351   -0.704   -0.899   -1.018   -1.040   -0.565   -0.549   -1.095   -0.113   -1.194   -0.870   -0.636   -0.743   -0.882   -0.930   -1.751   -1.298   -1.210   -1.107   -0.879   -0.924   -1.081   -1.577   -1.156   -1.374   -1.185   -1.619   -0.844   -1.575   -2.014   -1.688   -1.612   -1.605   -2.099   -1.920   -1.575   -1.977   -2.147   -2.106   -1.885   -2.013   -2.311   -2.011   -1.802   -2.228   -2.046   -2.086   -2.218   -1.758   -1.174   -1.447   -1.616   -1.324   -1.880   -1.407   -1.850   -1.773   -1.574   -1.749   -1.476   -1.813   -1.201   -1.514   -1.199   -1.353   -1.431   -1.688   -1.358   -1.622   -1.823   -1.504   -1.626   -1.675   -1.070   -1.357   -2.364   -1.880   -1.755   -2.357   -2.517   -2.373   -2.647   -2.869   -2.387   -2.985   -3.029   -2.707   -2.637   -2.693   -2.589   -2.858   -3.130   -2.672   -2.494   -2.744   -3.208   -2.958   -2.986   -2.503   -2.454   -3.112   -2.739   -2.897   -3.436   -2.647   -2.608   -2.825   -2.529   -2.804   -2.516   -2.412   -2.016   -2.391   -2.303   -2.232   -2.633   -2.457   -2.515   -2.608   -2.509   -2.224   -2.273   -2.177   -2.268   -2.265   -2.261   -2.382   -2.498   -3.134   -2.622   -2.755   -2.420   -3.110   -2.491   -3.198   -3.086   -3.492   -3.372   -3.330   -3.144   -3.248   -2.996   -3.580   -3.679   -3.612   -3.420   -3.600   -3.416   -2.843   -3.712   -4.014   -3.090   -3.913   -3.644   -2.966   -3.233   -3.174   -3.222   -2.977   -3.303   -3.309   -2.811   -2.741   -2.222   -2.899   -2.640   -2.521   -2.806   -2.437   -2.393   -2.904   -2.825   -2.443   -2.675   -2.024   -2.768   -2.359   -2.501   -2.808   -2.303   -2.539   -2.920   -2.826   -2.846   -3.124   -2.945   -3.082   -2.750   -3.007   -2.977   -3.237   -3.372   -3.133   -3.403   -2.664   -3.338   -3.066   -3.217   -3.398   -2.973   -2.900   -3.139   -2.971   -3.317   -3.829   -3.462 
