vel Tant_raw Tant_corr
-166.280470447 171.423 -0.39829191078592885
-164.303338822 171.723 -0.05420283912056334
-162.326181116 173.281 1.544680233902028
-160.348997329 171.761 0.062433344907901756
-158.371787459 171.85 0.18613183688890445
-156.394551506 171.496 -0.13614964096569793
-154.417289471 171.086 -0.5173371333322052
-152.440001351 179.414 0.0
-150.462687147 181.758 0.0
-148.485346858 171.308 -0.2256065536399774
-146.507980484 173.667 0.0
-144.530588024 170.702 -0.7983249568109443
-142.553169477 170.229 -1.258434341312693
-140.575724844 170.537 -0.9399514885510598
-138.598254123 171.232 -0.23680799732056812
-136.620757314 170.95 -0.5129361611099057
-134.643234417 171.009 -0.45026896817986994
-132.665685431 171.375 -0.08274010165533241
-130.688110355 170.922 -0.536283939621768
-128.710509189 172.913 0.0
-126.732881933 170.712 -0.7533307167125258
-124.755228585 171.443 -0.028705887630195548
-122.777549147 170.995 -0.48489822679889016
-120.799843616 172.203 0.0
-118.822111992 171.631 0.12951347753966047
-116.844354276 171.218 -0.2967602740835673
-114.866570465 171.205 -0.32460678443987945
-112.888760561 171.657 0.111033309635161
-110.910924562 170.949 -0.6147813246032854
-108.933062468 171.363 -0.21999271585559654
-106.955174278 171.609 0.005456411105143388
-104.977259991 173.809 0.0
-102.999319609 171.438 -0.2104381602677563
-101.021353129 171.717 0.04432921071568785
-99.0433605507 171.334 -0.36402076164324626
-97.0653418746 171.657 -0.06743428379979832
-95.0872970997 171.379 -0.37285825884472956
-93.1092262255 172.018 0.2377597134288294
-91.1311292514 171.116 -0.6935286635747104
-89.1530061771 172.005 0.16532761666050533
-87.1748570018 175.033 0.0
-85.1966817252 172.563 0.6606746898690119
-83.2184803468 172.609 0.6742640105755129
-81.2402528658 172.976 1.008195043789982
-79.261999282 174.104 2.102515310181161
-77.2837195948 172.334 0.2982716329644859
-75.3054138036 172.234 0.16351013781653023
-73.3270819079 172.743 0.6372762527843179
-71.3487239072 172.864 0.7226147081914576
-69.370339801 172.116 -0.06143046345417247
-67.3919295888 172.06 -0.15381592755284146
-65.4134932701 172.291 0.04050095249485253
-63.4350308443 171.999 -0.288437884806342
-61.456542311 174.81 2.4854088008669635
-59.4780276695 171.795 -0.5669184484449374
-57.4994869195 172.011 -0.3883797890639755
-55.5209200603 172.028 -0.40893607578186675
-53.5423270915 172.727 0.25245113806087716
-51.5637080125 175.459 2.9468196004729066
-49.5850628228 173.754 1.2042063607254647
-47.606391522 174.008 1.4206477692600288
-45.6276941095 177.293 4.668179477589945
-43.6489705847 175.624 2.961836438212117
-41.6702209472 177.307 4.607652904518119
-39.6914451964 179.536 6.799662430694383
-37.7126433319 182.376 9.602897871637026
-35.7338153531 184.35 11.540391382852107
-33.7549612595 187.541 14.695174420368716
-31.7760810505 190.199 17.317277740642766
-29.7971747257 194.228 21.31073140046996
-27.8182422846 198.004 25.051564756887842
-25.8392837265 200.136 27.148806467081613
-23.8602990511 202.51 29.48848448830219
-21.8812882577 204.139 31.08362607775959
-19.902251346 207.386 34.29725779254426
-17.9231883153 205.356 32.23440548952095
-15.9440991651 206.515 33.361094325246256
-13.964983895 208.813 35.62734875587438
-11.9858425043 212.734 39.51719253705795
-10.0066749927 218.925 45.67764872386675
-8.02748135949 225.512 52.23473967068227
-6.04826160422 225.382 52.07548703111581
-4.06901572646 219.582 46.24691175791162
-2.08974372559 218.661 45.298034102851716
-0.110445601068 227.841 54.45087361666694
1.86887864748 229.162 55.74544914894551
3.84822902071 228.466 55.02377884803428
5.82760551906 227.383 53.91588016095275
7.80700814311 222.025 48.53376983329582
9.78643689336 218.708 45.19346390914376
11.7658917703 215.092 41.55497773096883
13.7453727744 212.322 38.7633259395424
15.7248799063 208.77 35.190522473840474
17.7044131664 204.699 31.099580570955254
19.6839725553 200.478 26.859512765997863
21.6635580735 200.274 26.637330892008606
23.6431697215 194.269 20.61504607986339
25.6228074998 190.832 17.16166875818064
27.602471409 188.726 15.04020865322812
29.5821614495 186.729 13.028674788832348
31.5618776219 185.103 11.389075486282678
33.5416199267 183.039 9.312418364240983
35.5213883643 181.938 8.199710338648515
37.5011829355 180.004 6.254957622630258
39.4810036406 180.505 6.746165726407412
41.46085048 178.315 4.547339457200678
43.4407234546 176.566 2.790482919136366
45.4206225645 176.09 2.3075995131588627
47.4005478106 177.833 4.0446919369314
49.3804991932 175.107 1.313762184748498
51.3604767127 174.551 0.7538115474401366
53.3404803699 174.38 0.5798406122790141
55.3205101651 173.995 0.1928492628891263
57.300566099 173.563 -0.24016332084855208
59.280648172 173.443 -0.3601986628879672
61.2607563846 173.834 0.03174100888833209
63.2408907374 172.947 -0.8533472374231792
65.2210512308 176.467 2.669532962159593
67.2012378655 173.687 -0.10662273258782307
69.1814506418 173.555 -0.2338193661906871
71.1616895603 173.45 -0.33306268756663826
73.1419546217 173.823 0.04664084988127115
75.1222458262 173.786 0.0172840881692764
77.1025631746 173.102 -0.6581408353559937
79.0829066673 174.097 0.3463575118855715
81.0632763047 175.177 1.436769857616099
83.0436720875 173.415 -0.3139137753917396
85.0240940161 173.132 -0.584704069410634
87.0045420911 172.936 -0.7676124118492851
88.985016313 175.071 1.381349104653168
90.9655166823 172.173 -1.5018323178655066
92.9460431995 172.62 -1.0391701827837494
94.9265958652 172.813 -0.8296786989882889
96.9071746798 172.613 -1.0123727809697982
98.8877796439 172.648 -0.9592680489126053
100.868410758 172.926 -0.662380828790333
102.849068023 172.346 -1.2227281524540956
104.829751438 173.451 -0.09732775774807578
106.810461005 175.495 0.0
108.791196725 173.541 0.03564170507351605
110.771958596 174.611 1.1281717667960436
112.752746621 174.172 0.7123715339810985
114.7335608 180.758 0.0
116.714401132 174.517 1.1056944017703927
118.69526762 190.052 0.0
120.676160262 175.53 0.0
122.65707906 174.43 1.0956468025537731
124.638024015 173.424 0.11639341942489523
126.618995126 173.696 0.41564601757264086
128.599992394 173.424 0.17137838021142215
130.58101582 174.129 0.9045635833700487
132.562065405 176.701 0.0
134.543141148 173.963 0.7961812788457792
136.524243051 173.52 0.3825563864376704
138.505371113 173.851 0.7432695648974175
140.486525336 174.29 1.2122903529405846
142.467705719 173.602 0.5545875814919725
144.448912264 173.991 0.974129373683013
146.430144971 174.244 1.2578831446825234
148.41140384 174.991 2.0358156016336864
150.392688873 173.678 0.7538927435919334
152.374000068 173.605 0.7120798613379975
154.355337428 173.219 0.35734153742555463
156.336700952 175.516 0.0
158.318090641 173.816 1.0169433525317402
160.299506496 173.42 0.6522091142270767
162.280948517 173.258 0.5214006793831629
164.262416704 172.756 0.050479087578395365
166.243911059 173.46 0.7854046695567831
168.225431581 172.656 0.012137047056171468
170.206978271 172.367 -0.24636486720697803
172.18855113 172.191 -0.39214286966227974
174.170150158 174.206 0.0
176.151775355 171.77 -0.7536978712201119
178.133426723 171.683 -0.8115620097535441
180.115104262 172.04 -0.4258765155582296
182.096807972 172.955 0.5173132677892056
184.078537853 171.586 -0.824038712994053
186.060293907 171.187 -1.195979220963494
188.042076134 171.513 -0.8435557290965789
190.023884534 171.933 -0.3978164203574295
192.005719108 171.664 -0.6418101877778213
193.987579856 170.889 -1.3925866345766735
195.969466779 170.996 -1.262196074228342
197.951379877 170.875 -1.3606895305806006
199.933319151 173.99 0.0
201.915284602 171.259 -0.934536141101006
203.89727623 171.697 -0.4769948956032124
205.879294035 172.01 -0.1455488676593859
207.861338018 172.687 0.5487473656827149
209.84340818 171.272 -0.8501614835487885
211.82550452 171.878 -0.22933141435788684
213.80762704 171.779 -0.31481913683518314
215.789775741 172.917 0.835317927714982
217.771950622 171.945 -0.12597835332070417
219.754151683 171.452 -0.6097668239378038
221.736378927 171.598 -0.4561070396046034
223.718632352 173.242 1.1939407326110256
225.700911961 172.778 0.7343155139864166
227.683217752 171.206 -0.8350443859800123
229.665549727 172.038 -0.002201369640346229
231.647907886 172.255 0.21378144869655102
233.63029223 171.912 -0.13215975732495622
235.61270276 171.616 -0.43308952620316177
237.595139475 171.286 -0.7700731086646897
239.577602376 171.123 -0.9421764677680926
241.560091464 172.987 0.9105337210042705
243.54260674 171.471 -0.6190099303478576
245.525148203 171.277 -0.8288755224192244
247.507715854 171.746 -0.3781318685200574
249.490309695 173.69 1.5451515052289722
251.472929725 172.974 0.8059043598461244
253.455575945 172.447 0.2530557433454419
255.438248355 173.462 1.2395339906750564
