vel Tant_raw Tant_corr
-191.900470447 140.002 0.8616420159068809
-189.923338822 139.05 -0.14182815244714675
-187.946181116 139.017 -0.22450614349276066
-185.968997329 138.786 -0.50342197645395
-183.991787459 139.576 0.24039453732757465
-182.014551506 139.352 -0.02808620548327667
-180.037289471 139.213 -0.20989360021715697
-178.060001351 140.416 0.9519431657212465
-176.082687147 140.363 0.8593951130539779
-174.105346858 139.389 -0.1525665294716987
-172.127980484 139.452 -0.1259703249936024
-170.150588024 139.176 -0.43684462854534445
-168.173169477 139.363 -0.28321758700846544
-166.195724844 139.596 -0.08211713905348006
-164.218254123 139.509 -0.1995710151945218
-162.240757314 138.986 -0.751606737679424
-160.263234417 139.203 -0.5622516204963972
-158.285685431 139.817 0.02546723064051548
-156.308110355 139.407 -0.40947708166501684
-154.330509189 139.685 -0.15511124645257723
-152.352881933 139.622 -0.2404617443914958
-150.375228585 139.446 -0.4375548477740949
-148.397549147 139.635 -0.2684166204230962
-146.419843616 140.02 0.09792708224131275
-144.442111992 140.132 0.1924506133125874
-142.464354276 140.321 0.3651285344006965
-140.486570465 140.062 0.09093561561985553
-138.508760561 140.463 0.47784683568903574
-136.530924562 141.131 1.1328373818892317
-134.553062468 141.88 1.869882650136418
-132.575174278 142.125 2.1039582449881777
-130.597259991 142.277 2.2460399796786703
-128.619319609 143.711 3.6711038761592363
-126.641353129 144.408 4.360126165088076
-124.663360551 143.842 3.787083285896955
-122.685341875 144.215 4.15395188680273
-120.7072971 144.928 4.861708824833016
-118.729226225 144.494 4.423331165857803
-116.751129251 146.67 6.595796184620326
-114.773006177 147.208 7.131081364756
-112.794857002 148.485 8.406164398825695
-110.816681725 151.211 11.131023188343335
-108.838480347 153.445 13.364635843803711
-106.860252866 155.382 15.301980684708127
-104.881999282 156.875 16.796036239593974
-102.903719595 157.379 17.301781246061125
-100.925413804 157.825 17.750194650800836
-98.9470819079 158.942 18.870255609623825
-96.9687239072 159.958 19.889943487484402
-94.990339801 160.864 20.800237858512872
-93.0119295888 162.439 22.38011850604059
-91.0334932701 162.831 22.777565422628186
-89.0550308443 161.336 21.288558810093747
-87.076542311 160.904 20.863079079539403
-85.0980276695 159.012 18.97810685138097
-83.1194869195 157.317 17.29062295537298
-81.1409200603 154.801 14.7826084306393
-79.1623270915 153.54 13.530044525698543
-77.1837080125 152.901 12.89991269849341
-75.2050628228 151.074 11.082194616417297
-73.226391522 152.112 12.129872156342088
-71.2476941095 152.399 12.426927404647216
-69.2689705847 154.458 14.496342657246515
-67.2902209472 154.517 14.566100419614884
-65.3114451964 156.553 16.613183406818166
-63.3326433319 156.39 16.46157454353869
-61.3538153531 156.956 17.039256964105306
-59.3749612595 156.426 16.52121401251941
-57.3960810505 156.423 16.530429242483905
-55.4171747257 155.899 16.01888641742906
-53.4382422846 155.58 15.71256951054221
-51.4592837265 155.018 15.16346270479616
-49.4802990511 153.365 13.523550392973078
-47.5012882577 152.869 13.040817177697448
-45.522251346 152.736 12.921247871458604
-43.5431883153 152.528 12.726827496643892
-41.5640991651 154.292 14.504541285562283
-39.584983895 156.058 16.28437468047295
-37.6058425043 158.393 18.633313333615803
-35.6266749927 161.778 22.032343107234283
-33.6474813595 165.117 25.38545007360895
-31.6682616042 171.072 31.35462051508094
-29.6890157265 176.882 37.178840924079736
-27.7097437256 182.773 43.084098003156015
-25.7304456011 189.985 50.310378665003014
-23.7511213525 196.253 56.59267003248786
-21.7717709793 199.424 59.777959438678806
-19.7923944809 201.492 61.86023442687349
-17.8129918569 202.053 62.43548275062494
-15.8335631066 200.911 61.30769237377271
-13.8541082297 199.213 59.62385147046575
-11.8746272256 197.251 57.6759484251954
-9.89512009373 193.569 54.007971832820544
-7.91558683361 188.09 48.54291049859535
-5.93602744466 181.708 42.17475343819814
-3.95644192651 172.518 32.99848987775735
-1.97683027847 162.381 22.875109253882783
0.00280749978879 153.775 14.282601213688906
1.98247140896 149.309 9.82995561482764
3.9621614495 146.212 6.746162525512034
5.94187762187 143.702 4.249212224545886
7.92161992668 142.548 3.108095201352427
9.90138836434 140.909 1.4818021559999295
11.8811829355 140.163 0.7483239992323831
13.8610036406 139.785 0.3826518524945186
15.84085048 139.677 0.28677704796055536
17.8207234546 138.945 -0.43330887143426366
19.8006225645 138.966 -0.4006141519738833
21.7805478106 138.819 -0.536146829123993
23.7604991932 139.602 0.2580852724876763
25.7404767127 139.383 0.05007453910323534
27.7204803699 138.735 -0.5871864321358942
29.7005101651 138.819 -0.49270483316598757
31.680566099 139.275 -0.026487644968170798
33.660648172 138.892 -0.3995416375445302
35.6407563846 138.868 -0.41387336988776724
37.6208907374 139.025 -0.247489189953626
39.6010512308 138.539 -0.7243952346343292
41.5812378655 139.191 -0.06359742972827576
43.5614506418 138.949 -0.2971014899154909
45.5416895603 139.613 0.3750870812735627
47.5219546217 139.428 0.19796299148489993
49.5022458262 138.704 -0.5184788404335734
51.4825631746 138.721 -0.4942432843996585
53.4629066673 139.183 -0.02533499907289638
55.4432763047 139.135 -0.06675843182500785
57.4236720875 139.123 -0.07251781871110552
59.4040940161 138.879 -0.3106171844436858
61.3845420911 139.182 -0.0020603423631939677
63.365016313 139.516 0.337149105589134
65.3455166823 139.381 0.2070077688993024
67.3260431995 139.226 0.056512468508714164
69.3065958652 139.615 0.44966023684213496
71.2871746798 138.837 -0.32455168216492325
73.2677796439 138.699 -0.4591258330373478
75.2484107579 138.043 -1.1120645487334855
77.2290680226 138.797 -0.35536995061602283
79.2097514381 139.886 0.7359560515743908
81.1904610053 140.067 0.9189117597489087
83.1711967246 139.157 0.010495687496984374
85.1519585963 139.465 0.3197065601148097
87.1327466213 139.966 0.8215433146338569
89.1135607998 143.926 0.0
91.0944011325 142.966 0.0
93.0752676198 141.933 0.0
95.0561602623 140.311 1.1661353046264935
97.0370790605 139.398 0.25209293679262146
99.0180240148 139.024 -0.12332547895690027
100.998995126 139.036 -0.11311952266464687
102.979992394 138.915 -0.23628856241376184
104.96101582 140.016 0.8621682456978306
106.942065405 139.526 0.3692519575865276
108.923141148 139.366 0.20596384121435563
110.904243051 139.401 0.23730537660921414
112.885371113 138.71 -0.45772174409722766
114.866525336 139.279 0.10688438334736361
116.847705719 139.489 0.3121258753563154
118.828912264 139.31 0.12800506051846128
120.810144971 139.528 0.3405244796378497
122.79140384 139.225 0.0316868857574093
124.772688873 139.245 0.045495244180585814
126.754000068 138.916 -0.29004726748212306
128.735337428 139.314 0.1010627406863307
130.716700952 139.75 0.5298288709668384
132.698090641 139.189 -0.0387450619879246
134.679506496 138.951 -0.2846550311188878
136.660948517 138.796 -0.4478967969283474
138.642416704 139.254 0.001534092544432042
140.623911059 138.638 -0.6233576982578768
142.605431581 138.803 -0.4675672923605987
144.586978271 138.317 -0.9630896002508962
146.56855113 139.132 -0.1579193198415112
148.550150158 139.021 -0.27905093643730083
150.531775355 139.11 -0.20047872271175038
152.513426723 138.857 -0.4641967386901342
154.495104262 138.983 -0.34919883170013577
156.476807972 139.289 -0.05447863635401973
158.458537853 138.789 -0.5660295745205701
160.440293907 139.636 0.26915514469089885
162.422076134 139.598 0.2190825249819568
164.403884534 139.554 0.16275978288183524
166.385719108 139.049 -0.3548056522308798
168.367579856 139.209 -0.20760613808778317
170.349466779 139.024 -0.4056338195152307
172.331379877 139.364 -0.07888062839336385
174.313319151 140.425 0.968661716358838
176.295284602 140.158 0.6880017088180637
178.27727623 139.688 0.20414805609189557
180.259294035 139.364 -0.1338903216598908
182.241338018 139.799 0.28689570879558346
184.22340818 139.626 0.0995154937992595
186.20550452 139.761 0.2199785928430913
188.18762704 139.732 0.1762947785615836
190.169775741 139.543 -0.02752596321118972
192.151950622 139.997 0.41152656659463105
194.134151683 139.174 -0.426537219709644
196.116378927 139.61 -0.0057066965587182494
198.098632352 139.718 0.08702897495578554
200.080911961 139.041 -0.6053191529629203
202.063217752 140.001 0.33926018528813984
204.045549727 139.769 0.09177846867035555
206.027907886 139.788 0.09524738957819068
208.01029223 140.03 0.3216788538438493
209.99270276 139.779 0.055084980773301595
211.975139475 139.918 0.178478103190173
213.957602376 140.231 0.47587076743235457
215.940091464 139.772 0.001275733395914358
217.92260674 139.426 -0.3602940254367013
219.905148203 140.184 0.3821746780470505
221.887715854 139.333 -0.48430475541340456
223.870309695 139.57 -0.2627187114155163
225.852929725 139.573 -0.2750533618344946
227.835575945 139.582 -0.2812946648340926
229.818248355 140.124 0.24557163518497305
