vel Tant_raw Tant_corr
-164.400470447 170.394 -0.43874023875679313
-162.423338822 170.817 0.0979595336948762
-160.446181116 170.804 0.1925001408936282
-158.468997329 170.447 -0.06297748577910056
-156.491787459 169.417 -0.9973337394675355
-154.514551506 170.252 -0.07243033822217626
-152.537289471 170.124 -0.11613032510504695
-150.560001351 170.897 0.7357019318407083
-148.582687147 170.677 0.5892007390741298
-146.605346858 169.231 -0.7885009223659551
-144.627980484 169.311 -0.6452713971549713
-142.650588024 169.953 0.05501964421088701
-140.673169477 169.515 -0.32949879479895117
-138.695724844 169.798 0.0023009630281194404
-136.718254123 170.18 0.42854526860139686
-134.740757314 169.708 -0.003640853777852726
-132.763234417 169.641 -0.035133706536072395
-130.785685431 170.072 0.427189081011619
-128.808110355 170.101 0.4834485524621357
-126.830509189 169.869 0.2747644241385956
-124.852881933 169.728 0.15325508493299367
-122.875228585 169.635 0.07603759614440264
-120.897549147 169.959 0.41222769125337777
-118.919843616 169.792 0.25393977581344984
-116.942111992 169.59 0.057286927217120365
-114.964354276 169.484 -0.04661910545374326
-112.986570465 169.442 -0.08966790160289406
-111.008760561 169.417 -0.1187503693010683
-109.030924562 169.678 0.1352412545372772
-107.053062468 169.959 0.4064134039828389
-105.075174278 169.888 0.32287118390860314
-103.097259991 170.172 0.5917183698157089
-101.119319609 169.695 0.09705740768623627
-99.1413531286 169.908 0.2899894137351282
-97.1633605507 169.809 0.16861417431752557
-95.1853418746 169.654 -0.010969854299105464
-93.2072970997 170.079 0.3873344539040602
-91.2292262255 169.497 -0.2233771054783915
-89.2511292514 169.979 0.2279899325450856
-87.2730061771 169.908 0.12452870219340184
-85.2948570018 169.7 -0.11766899327622582
-83.3166817252 169.215 -0.6385126817279172
-81.3384803468 169.801 -0.08991322233487153
-79.3602528658 169.292 -0.6377828057580928
-77.381999282 169.582 -0.3880349543051125
-75.4037195948 170.029 0.017415477874578755
-73.4254138036 169.511 -0.5433476953791967
-71.4470819079 170.131 0.03275800758876812
-69.4687239072 169.905 -0.23818626392923647
-67.490339801 169.309 -0.8801006931799407
-65.5119295888 170.348 0.11209320387445132
-63.5334932701 170.275 -0.00852742161993092
-61.5550308443 170.376 0.04411324841268538
-59.576542311 170.667 0.2860896988085244
-57.5980276695 171.196 0.7654750809758184
-55.6194869195 170.951 0.47034121273580354
-53.6409200603 172.066 1.5347585781262296
-51.6623270915 173.608 3.025796327242773
-49.6837080125 175.273 4.639522276049803
-47.7050628228 177.676 6.9910029062116905
-45.726391522 179.837 9.10030336491647
-43.7476941095 182.11 11.321487464691472
-41.7689705847 184.303 13.462617683232054
-39.7902209472 185.313 14.420755163230439
-37.8114451964 187.682 16.737959712188683
-35.8326433319 188.819 17.82328980225259
-33.8538153531 189.995 18.947802570024777
-31.8749612595 189.738 18.639553816395846
-29.8960810505 189.616 18.4665980063628
-27.9171747257 190.244 19.04398826885992
-25.9382422846 189.618 18.367776396574698
-23.9592837265 189.324 18.024012845768596
-21.9802990511 190.018 18.668746736115395
-20.0012882577 190.409 19.01102585050478
-18.022251346 191.488 20.04189663488529
-16.0431883153 193.21 21.71640419806789
-14.0640991651 196.832 25.291592311564216
-12.084983895 201.276 29.68950340940708
-10.1058425043 211.078 39.44617858796434
-8.12667499266 220.496 48.81965760577771
-6.14748135949 220.918 49.19797888337152
-4.16826160422 217.882 46.11917950308256
-2.18901572646 216.357 44.55229520888639
-0.209743725592 217.617 45.77136040621181
1.76955439893 217.89 46.0044081617705
3.74887864748 220.646 48.7214702033819
5.72822902071 222.794 50.83157691978738
7.70760551906 225.39 53.390757360483065
9.68700814311 223.866 51.83103923553614
11.6664368934 222.46 50.39044891541124
13.6458917703 219.385 47.28201143079562
15.6253727744 216.693 44.557750472415535
17.6048799063 213.863 41.6966883908629
19.5844131664 209.75 37.55384619642166
21.5639725553 206.505 34.28024355888422
23.5435580735 204.804 32.55189880737933
25.5231697215 202.599 30.320828930193215
27.5028074998 200.124 27.821049574592678
29.482471409 198.669 26.342575046646658
31.4621614495 196.886 24.53741831105276
33.4418776219 195.975 23.60559099095545
35.4216199267 194.427 22.03810336777235
37.4013883643 193.732 21.32496438101677
39.3811829355 192.765 20.341181628116033
41.3610036406 191.063 18.623761364242426
43.34085048 190.078 17.624708502130204
45.3207234546 189.752 17.28602661189612
47.3006225645 188.069 15.591717920871076
49.2805478106 188.215 15.727783313412516
51.2604991932 186.588 14.09222233073541
53.2404767127 184.901 12.398033170730628
55.2204803699 184.227 11.718212687787116
57.2005101651 183.08 10.566756392617805
59.180566099 181.857 9.340658452079225
61.160648172 180.988 8.469911688995978
63.1407563846 180.649 8.130507581982329
65.1208907374 179.853 7.335436265265201
67.1010512308 179.2 6.684686528506518
69.0812378655 179.071 6.55924581662623
71.0614506418 178.097 5.590100229623886
73.0416895603 178.121 5.6202345224022
75.0219546217 178.091 5.597632104589678
77.0022458262 177.95 5.4652750403606944
78.9825631746 177.951 5.476144048262171
80.9629066673 178.645 6.181218501031935
82.9432763047 177.875 5.42347642542245
84.9236720875 177.117 4.678894502025543
86.9040940161 177.152 4.7284480650910155
88.8845420911 176.981 4.573111102352158
90.865016313 176.591 4.1998562548460825
92.8455166823 176.683 4.309654816736725
94.8260431995 176.178 3.8234767351372625
96.8065958652 175.301 2.966290609933253
98.7871746798 176.579 4.265063693602087
100.767779644 176.494 4.201761891040263
102.748410758 176.897 4.627349759377125
104.729068023 177.309 5.062790507814071
106.709751438 177.409 5.187045997408859
108.690461005 176.792 4.595076740960337
110.671196725 175.273 3.101841902783491
112.651958596 176.137 3.992299298502587
114.632746621 176.209 4.091405394979205
116.6135608 179.238 0.0
118.594401132 177.623 0.0
120.57526762 208.195 0.0
122.556160262 176.079 0.0
124.53707906 174.517 2.543048287128471
126.518024015 172.885 0.9410568346746402
128.498995126 172.21 0.2963715686122157
130.479992394 171.831 -0.052061841256801245
132.46101582 173.019 1.166700924440022
134.442065405 172.583 0.7616028344668564
136.423141148 171.301 -0.48941449322947506
138.404243051 171.76 0.0005892083804042159
140.385371113 171.405 -0.3234471448634224
142.366525336 171.834 0.13641401160555233
144.347705719 170.808 -0.8588911091914326
146.328912264 171.693 0.056572354136704917
148.310144971 171.992 0.3857379110949921
150.29140384 172.226 0.6495377191558589
152.272688873 171.576 0.028902583610204147
154.254000068 171.318 -0.20023804269968082
156.235337428 171.678 0.18804394057420382
158.216700952 171.76 0.29767528097579543
160.198090641 171.099 -0.3364186268463243
162.179506496 170.768 -0.6413137413467496
164.160948517 171.1 -0.284087374274236
166.142416704 171.64 0.2801818091642758
168.123911059 170.683 -0.6535862098515111
170.105431581 171.37 0.05552719600643741
172.086978271 170.967 -0.3265606999040642
174.06855113 171.001 -0.2729339783987541
176.050150158 171.311 0.05532192534545288
178.031775355 170.515 -0.7238797783762436
180.013426723 171.604 0.38037276603989767
181.995104262 171.181 -0.029009940706487214
183.976807972 171.523 0.32488124702121013
185.958537853 171.092 -0.09604588038169481
187.940293907 170.292 -0.8878848879324153
189.922076134 170.73 -0.4437306962594221
191.903884534 170.699 -0.4706795817679108
193.885719108 171.122 -0.045829176817960615
195.867579856 170.861 -0.30727846990686203
197.849466779 171.112 -0.05912780584600341
199.831379877 170.839 -0.33747888593899233
201.813319151 171.566 0.38156523183678814
203.795284602 171.36 0.16490013265095627
205.77727623 170.823 -0.38557995535131795
207.759294035 171.499 0.2740178387703054
209.741338018 171.705 0.46058502856223527
211.72340818 171.947 0.6800117700026647
213.70550452 172.203 0.9101868613503541
215.68762704 171.527 0.20499774290482264
217.669775741 171.718 0.36333049687129915
219.651950622 171.382 -0.008930152790640022
221.634151683 172.019 0.5880991594095519
223.616378927 171.192 -0.28269955974042205
225.598632352 171.737 0.21455433783609124
227.580911961 172.212 0.6377401411047003
229.563217752 171.432 -0.19826422001776223
231.545549727 170.879 -0.8115821750723455
233.527907886 170.956 -0.7993385130777995
235.51029223 171.677 -0.14765938279566626
237.49270276 171.276 -0.6226722928821573
239.475139475 172.137 0.159493888014282
241.457602376 171.823 -0.238291069074819
243.440091464 172.649 0.4988412464500698
245.42260674 172.048 -0.1962421154227343
247.405148203 172.082 -0.2616754653925284
249.387715854 172.249 -0.1995944752148091
251.370309695 173.034 0.47486382214916034
253.352929725 172.443 -0.23243896742133074
255.335575945 172.858 0.06035740034297987
257.318248355 173.543 0.6171118080910389
