vel Tant_raw Tant_corr
-195.410470447 233.608 1.1825749571156052
-193.433338822 231.779 -0.5713827894630583
-191.456181116 231.672 -0.6081285567385066
-189.478997329 233.146 0.9314503940012457
-187.501787459 230.737 -1.4165342697814083
-185.524551506 232.493 0.3960280478517859
-183.547289471 231.091 -0.9537531287791126
-181.570001351 235.92 0.0
-179.592687147 239.543 0.0
-177.615346858 233.766 1.8529215426864312
-175.637980484 233.422 1.5448401958362012
-173.660588024 232.364 0.5189468976265914
-171.683169477 232.728 0.9113447398565029
-169.705724844 232.41 0.6181357417065954
-167.728254123 231.327 -0.4435791503353812
-165.750757314 231.808 0.05529993731590821
-163.773234417 230.623 -1.115128194768232
-161.795685431 231.348 -0.3787658191679384
-159.818110355 231.771 0.05248371823159914
-157.840509189 230.74 -0.9732840019033517
-155.862881933 231.174 -0.5369744724896464
-153.885228585 231.794 0.08250573982883225
-151.907549147 229.806 -1.9087510054612267
-149.929843616 230.688 -1.0326534228902915
-147.952111992 232.134 0.40488869885822965
-145.974354276 231.09 -0.6500355031871834
-143.996570465 231.175 -0.5783379664590598
-142.018760561 231.21 -0.5589317029406686
-140.040924562 230.749 -1.0377307993655904
-138.063062468 231.65 -0.15665041731858764
-136.085174278 230.866 -0.9626067934019886
-134.107259991 230.629 -1.2235172393703806
-132.129319609 233.248 1.369699857767813
-130.151353129 234.117 2.211125035506285
-128.173360551 231.233 -0.7021622442016167
-126.195341875 232.231 0.2649164048795569
-124.2172971 233.812 1.8134382931083053
-122.239226225 233.443 1.4104796548370473
-120.261129251 232.621 0.5531156483068287
-118.283006177 235.099 2.994420355435807
-116.304857002 235.354 3.211466781709362
-114.326681725 235.535 3.3533268560375404
-112.348480347 236.359 4.137071430654373
-110.370252866 234.906 2.642770280874828
-108.391999282 236.836 4.530492105052758
-106.413719595 236.413 4.064304524399233
-104.435413804 237.806 5.413274082817537
-102.457081908 239.977 7.539466246781302
-100.478723907 237.859 5.3759454052153615
-98.500339801 239.832 7.302774869331472
-96.5219295888 240.956 8.380016872457048
-94.5434932701 240.273 7.649732569941477
-92.5650308443 241.602 8.930982038985434
-90.586542311 240.688 7.968824278510368
-88.6080276695 239.401 6.633317209003707
-86.6294869195 240.901 8.084517672393247
-84.6509200603 240.087 7.221481431885053
-82.6723270915 239.776 6.861263171838004
-80.6937080125 238.974 6.009916497608572
-78.7150628228 239.737 6.723493935415917
-76.736391522 239.941 6.8780469321989415
-74.7576941095 238.134 5.0216258554662545
-72.7789705847 239.367 6.205279993158342
-70.8002209472 240.264 7.0530575535099445
-68.8214451964 239.09 5.830005664897129
-66.8426433319 239.796 6.487170375704693
-64.8638153531 241.091 7.733596654173425
-62.8849612595 241.501 8.095328388264619
-60.9060810505 241.381 7.927408385512479
-58.9271747257 240.13 6.628878372888607
-56.9482422846 241.941 8.39277899665177
-54.9692837265 241.678 8.083149822202842
-52.9902990511 241.977 8.336029333956105
-51.0112882577 243.685 9.998454935177563
-49.032251346 244.966 11.234462947860635
-47.0531883153 243.947 10.171088612564887
-45.0740991651 246.442 12.622366088286896
-43.094983895 246.596 12.733328452314794
-41.1158425043 246.174 12.269007700076685
-39.1366749927 249.675 15.728434745012805
-37.1574813595 249.979 15.99163941841553
-35.1782616042 249.797 15.769650469299023
-33.1990157265 252.046 17.979495564256013
-31.2197437256 253.686 19.581201287300786
-29.2404456011 254.821 20.67879313974413
-27.2611213525 254.083 19.904295540040323
-25.2817709793 255.392 21.17773182364607
-23.3023944809 256.297 22.048124242875673
-21.3229918569 257.289 23.006493966763088
-19.3435631066 261.155 26.839861080910566
-17.3641082297 265.321 30.974244587356992
-15.3846272256 274.322 39.94466240442307
-13.4051200937 281.774 47.367131366573574
-11.4255868336 289.428 54.99266722427694
-9.44602744466 298.827 64.36428464385546
-7.46644192651 298.607 64.11799720734956
-5.48683027847 290.955 56.44081741236644
-3.50719250021 278.827 44.28875667194589
-1.52752859104 267.344 32.78282531440766
0.452161449498 259.993 25.41003258321581
2.43187762187 251.84 17.23638663683238
4.41161992668 246.659 12.03589454857277
6.39138836434 238.242 3.600562306465946
8.37118293549 237.851 3.1923948131069437
10.3510036406 236.283 1.6083958855173819
12.33085048 236.421 1.7315682550014344
14.3107234546 235.19 0.4869135669972877
16.2906225645 235.426 0.7104323809438995
18.2705478106 234.851 0.12412417012646415
20.2504991932 232.891 -1.8460126784579245
22.2304767127 233.502 -1.2439808642481296
24.2104803699 235.064 0.31021582673639614
26.1905101651 234.909 0.148572521756563
28.170566099 234.971 0.2050832612061413
30.150648172 234.188 -0.5822590015290245
32.1307563846 233.705 -1.0684624002157932
34.1108907374 235.717 0.9414638440827616
36.0910512308 235.288 0.5115094228645489
38.0712378655 235.311 0.5346629400443419
40.0514506418 232.081 -2.6940880881894316
42.0316895603 235.424 0.6512427664816585
44.0119546217 234.673 -0.09635915563720232
45.9922458262 234.537 -0.22790960239876767
47.9725631746 233.945 -0.8144254099552484
49.9529066673 234.888 0.13507549709595423
51.9332763047 234.826 0.0805741055693261
53.9136720875 233.567 -1.169949686450991
55.8940940161 236.218 1.4904829302427345
57.8745420911 234.062 -0.6551503241595356
59.855016313 233.337 -1.3688728186309334
61.8355166823 234.734 0.0402909885493159
63.8160431995 233.01 -1.6706844503479203
65.7965958652 234.071 -0.5958257726446732
67.7771746798 234.614 -0.03816070540162286
69.7577796439 233.855 -0.7817180655591187
71.7384107579 234.098 -0.5225277600837899
73.7190680226 232.455 -2.148620786107557
75.6997514381 234.853 0.2669707689194354
77.6804610053 234.261 -0.3067862729022579
79.6611967246 235.11 0.5610738199238199
81.6419585963 233.24 -1.2894843118510266
83.6227466213 233.427 -1.0824971183570256
85.6035607998 248.781 0.0
87.5844011325 241.619 0.0
89.5652676198 236.354 1.9073555460475973
91.5461602623 244.13 0.0
93.5270790605 235.528 1.125266593160319
95.5080240148 236.409 2.028699177605091
97.488995126 234.549 0.19139137944179652
99.4699923943 232.532 -1.802701983747994
101.45101582 236.842 2.5303728134355197
103.432065405 234.145 -0.14343159591598464
105.413141148 234.891 0.6258363287810482
107.394243051 232.729 -1.5128729644659415
109.375371113 234.113 -0.10561012044365725
111.356525336 235.942 1.7465731231936843
113.337705719 235.188 1.0156239357097547
115.318912264 234.441 0.29148839321237574
117.300144971 235.156 1.029111478450801
119.28140384 234.103 -0.0015629193044901513
121.262688873 233.694 -0.3885920043840372
123.244000068 234.003 -0.058034074929906865
125.225337428 233.074 -0.9659485229408915
127.206700952 235.302 1.2826041654850542
129.188090641 235.646 1.6465624100717946
131.169506496 235.855 1.874863536198518
133.150948517 234.347 0.3854437747463635
135.132416704 233.723 -0.2207617380353213
137.113911059 234.711 0.7841810393438209
139.095431581 235.165 1.2542050534270288
141.076978271 232.986 -0.9097578442900556
143.05855113 234.245 0.3632231024778889
145.040150158 234.081 0.21207755465516698
147.021775355 235.172 1.3147340776693568
149.003426723 233.092 -0.7548798586830117
150.985104262 233.525 -0.3128378804045724
152.966807972 233.182 -0.6482147094274069
154.948537853 233.341 -0.483086163757406
156.930293907 231.917 -1.9025291576147083
158.912076134 233.025 -0.7916217015903726
160.893884534 234.173 0.3575570972177786
162.875719108 233.755 -0.061072964939938856
164.857579856 233.651 -0.16759318861039674
166.839466779 234.479 0.6559140287169498
168.821379877 233.089 -0.7406348075315634
170.803319151 234.666 0.8276757108370987
172.785284602 233.864 0.014759894638700644
174.76727623 233.87 0.0075309571742820935
176.749294035 234.155 0.27690101408327905
178.731338018 234.113 0.21678108318920408
180.71340818 232.584 -1.3329189156399082
182.69550452 232.557 -1.3832901606116366
184.67762704 236.055 2.088575071791098
186.659775741 232.782 -1.2134165932946814
188.641950622 233.076 -0.9513596292327122
190.624151683 231.984 -2.0783496080719885
192.606378927 233.73 -0.3704832007389882
194.588632352 234.348 0.20614182296702666
196.570911961 235.286 1.0994265940362595
198.553217752 235.4 1.1652711443131807
200.535549727 234.651 0.3645744061527125
202.517907886 234.916 0.5742342124127333
204.50029223 232.839 -1.5618527037645151
206.48270276 233.488 -0.9757907090740048
208.465139475 235.258 0.7273147298765537
210.447602376 235.269 0.6673570462952227
212.430091464 233.541 -1.1357714268816324
214.41260674 233.2 -1.556179457134192
216.395148203 234.42 -0.4199769124175816
218.377715854 233.479 -1.4492747614667678
220.360309695 234.74 -0.2811850739159354
222.342929725 236.316 1.1971789797460701
224.325575945 236.708 1.486703127802599
226.308248355 237.335 2.006271997306186
