vel Tant_raw Tant_corr
-177.040470447 229.621 -0.5302223169406091
-175.063338822 228.516 -1.6883246580481739
-173.086181116 230.37 0.11168113368907484
-171.108997329 228.751 -1.562161796672541
-169.131787459 231.572 1.2031891618458985
-167.154551506 229.725 -0.7002239138138009
-165.177289471 229.686 -0.7963594808427956
-163.200001351 230.99 0.4498234692186145
-161.222687147 231.565 0.9663654106414299
-159.245346858 232.772 2.1143062832636303
-157.267980484 232.484 1.7666854925072357
-155.290588024 232.201 1.4235419092478026
-153.313169477 228.414 -2.424086130226584
-151.335724844 230.857 -0.04216082422416889
-149.358254123 231.273 0.31235509412590545
-147.380757314 231.496 0.4734983569568101
-145.403234417 233.635 2.550305161531952
-143.425685431 234.902 3.7548111701426876
-141.448110355 230.737 -0.47294848993163896
-139.470509189 231.429 0.15606077353777437
-137.492881933 229.304 -2.032126982373285
-135.515228585 232.277 0.8775217641231734
-133.537549147 231.24 -0.2229600003515202
-131.559843616 232.379 0.8524601752981482
-129.582111992 230.431 -1.159185793172412
-127.604354276 232.015 0.3611334745172883
-125.626570465 233.419 1.7014488229411313
-123.648760561 228.118 -3.6632094388148744
-121.670924562 230.564 -1.2808115375130456
-119.693062468 230.464 -1.4443282356418763
-117.715174278 230.022 -1.9497308315831958
-115.737259991 232.722 0.687008840349165
-113.759319609 232.019 -0.07908159006598225
-111.781353129 232.665 0.5040249707166424
-109.803360551 233.807 1.5833550801934848
-107.825341875 229.68 -2.606065240354809
-105.8472971 235.02 2.6717894940340727
-103.869226225 236.36 3.9499442319654747
-101.891129251 233.337 0.8654233856786959
-99.9130061771 234.866 2.3332508308542685
-97.9348570018 234.71 2.116449906584222
-95.9566817252 234.611 1.9570434153691565
-93.9784803468 236.653 3.939053622978946
-92.0002528658 236.433 3.659502258391541
-90.021999282 240.523 7.690410513749015
-88.0437195948 241.681 8.789799044256597
-86.0654138036 245.238 12.288687968123668
-84.0870819079 247.988 14.981096866495875
-82.1087239072 248.9 15.83604478338114
-80.130339801 254.738 21.617550225578526
-78.1519295888 254.066 20.88963116260743
-76.1734932701 253.454 20.22230502663649
-74.1950308443 255.355 22.068588712409763
-72.216542311 248.076 14.735498577184302
-70.2380276695 252.333 18.93905044064502
-68.2594869195 249.288 15.84125958485302
-66.2809200603 247.037 13.53814075415275
-64.3023270915 244.656 11.105708155119913
-62.3237080125 246.772 13.17097545647701
-60.3450628228 246.277 12.625955789030257
-58.366391522 244.488 10.787661745598342
-56.3876941095 243.196 9.447105380933806
-54.4089705847 237.992 4.195298211657217
-52.4302209472 236.598 2.7542512161907666
-50.4514451964 235.404 1.5139748346774695
-48.4726433319 236.438 2.502478968919746
-46.4938153531 236.23 2.249772982298822
-44.5149612595 235.74 1.715865699710605
-42.5360810505 237.01 2.9427654074901284
-40.5571747257 236.936 2.8264798533469673
-38.5782422846 240.513 6.362016246287453
-36.5992837265 237.061 2.869381256541743
-34.6202990511 242.636 8.404581015504988
-32.6412882577 241.79 7.519621115649784
-30.662251346 242.089 7.780506610471122
-28.6831883153 246.362 12.016242014399467
-26.7040991651 244.228 9.845831302741345
-24.724983895 246.528 12.110277911605891
-22.7458425043 252.19 17.737584737826722
-20.7666749927 253.878 19.39175413890294
-18.7874813595 251.298 16.778787932914184
-16.8082616042 257.257 22.705687398459673
-14.8290157265 259.303 24.720453274586617
-12.8497437256 264.084 29.47108576070812
-10.8704456011 267.292 32.649584516546014
-8.89112135252 278.888 44.21694866205215
-6.91177097929 289.438 54.739176777337065
-4.93239448094 302.673 67.94726690260137
-2.95299185689 309.136 74.38421653806185
-0.973563106642 320.393 85.61602264388247
1.00589177026 326.303 91.50168164010293
2.98537277443 326.23 91.4051894065644
4.96487990627 314.531 79.68354128284312
6.94441316639 310.031 75.16173206817408
8.92397255534 295.275 60.384756021382714
10.9035580735 288.078 53.167606860814914
12.8831697215 279.401 44.47127776426106
14.8628074998 269.982 35.03376136888912
16.842471409 263.203 28.23704977117029
18.8221614495 260.109 25.12613452681103
20.8018776219 251.311 16.31200665067766
22.7816199267 246.42 11.405656616727981
24.7613883643 244.892 9.863074357939723
26.7411829355 242.607 7.564249266235549
28.7210036406 239.25 4.194170192418113
30.70085048 238.074 3.005825446094377
32.6807234546 239.261 4.181202795601848
34.6606225645 236.473 1.3822894679452133
36.6405478106 237.802 2.7010721487154683
38.6204991932 234.241 -0.8694630179734872
40.6004767127 234.749 -0.37033042956051077
42.5804803699 234.19 -0.9375450251094435
44.5605101651 234.71 -0.4251222853766876
46.540566099 237.287 2.144921767113516
48.520648172 235.227 0.07857056800048667
50.5007563846 234.712 -0.4421929889859655
52.4808907374 236.854 1.6946134479032366
54.4610512308 234.248 -0.9160283116343919
56.4412378655 233.177 -1.9911370000253612
58.4214506418 234.56 -0.6117318918903152
60.4016895603 237.584 2.409167195883043
62.3819546217 234.404 -0.7734600959309148
64.3622458262 231.455 -3.7246346689664733
66.3425631746 235.389 0.20762203266031065
68.3229066673 233.464 -1.718711977718442
70.3032763047 237.711 2.5273407706053206
72.2836720875 233.233 -1.9512427943559487
74.2640940161 234.453 -0.7314862873566028
76.2445420911 233.351 -1.83341386598957
78.225016313 230.883 -4.301050230757795
80.2055166823 234.465 -0.7184206251459386
82.1860431995 235.337 0.15444916430828926
84.1665958652 235.786 0.6045328079424053
86.1471746798 230.715 -4.465196567102453
88.1277796439 232.627 -2.5517663769529406
90.1084107579 233.74 -1.437204581075349
92.0890680226 233.766 -1.4095396823467468
94.0697514381 234.259 -0.9148007271273855
96.0504610053 235.048 -0.12401730533116506
98.0311967246 234.15 -1.0202195504983251
100.011958596 232.053 -3.115438139867024
101.992746621 234.183 -0.9837042944431573
103.9735608 237.344 2.1789502209255147
105.954401132 244.166 0.0
107.93526762 233.515 -1.6471085175288636
109.916160262 238.563 3.402111979104177
111.89707906 233.26 -1.899879353549494
113.878024015 235.553 0.39388299938380555
115.858995126 236.224 1.0653640085062648
117.839992394 236.18 1.0215281000786263
119.82101582 236.496 1.3373391559471202
121.802065405 234.384 -0.7752394865282497
123.783141148 235.596 0.4357549654558852
125.764243051 233.927 -1.234715239927766
127.745371113 234.918 -0.24568839920547703
129.726525336 239.402 0.0
131.707705719 235.63 0.46070051050941174
133.688912264 235.163 -0.010016737703693934
135.670144971 235.029 -0.14839557436641826
137.65140384 234.407 -0.7754770205859813
139.632688873 234.76 -0.42830264260663853
141.614000068 232.691 -2.5039145518640282
143.595337428 234.269 -0.9333554050844839
145.576700952 236.819 1.6083315956721265
147.558090641 236.797 1.5771027029203992
149.539506496 234.074 -1.1560863763164377
151.520948517 237.584 2.342719519427476
153.502416704 234.212 -1.0415249940148783
155.483911059 233.649 -1.6178658465292415
157.465431581 233.036 -2.2453495137597486
159.446978271 235.678 0.38097698278718894
161.42855113 232.843 -2.470933924317393
163.410150158 238.714 3.3818696515126305
165.391775355 234.81 -0.5416609492004341
167.373426723 236.602 1.2294250679085792
169.355104262 233.169 -2.2259220489850406
171.336807972 238.574 3.155247402014794
173.318537853 236.539 1.0948825764531591
175.300293907 234.453 -1.0180679165755464
177.282076134 234.355 -1.1446560144486568
179.263884534 233.539 -1.9909342011098943
181.245719108 234.926 -0.6359555071580871
183.227579856 234.658 -0.9377735098883591
185.209466779 236.29 0.6585576666035706
187.191379877 236.245 0.5759833513836838
189.173319151 235.604 -0.10455167342843197
191.155284602 238.418 2.6678968272850625
193.13727623 233.656 -2.1377274584093584
195.119294035 236.401 0.5615186104131169
197.101338018 236.208 0.32057762743914964
199.08340818 238.078 2.140391639065456
201.06550452 235.58 -0.4100978556190569
203.04762704 235.439 -0.605949905034862
205.029775741 238.447 2.3447758949163244
207.011950622 239.446 3.284019400815936
208.994151683 234.244 -1.9802800784265742
210.976378927 235.564 -0.7251837817190108
212.958632352 239.003 2.64624650439967
214.940911961 238.382 1.9549484453596335
216.923217752 235.093 -1.4071408411709285
218.905549727 235.818 -0.7580847856733328
220.887907886 236.985 0.33005263336337975
222.87029223 235.406 -1.3307931107406716
224.85270276 233.888 -2.9336870928925407
226.835139475 238.426 1.51630506379189
228.817602376 234.483 -2.51788281225555
230.800091464 237.374 0.27868255895359084
232.78260674 240.054 2.8609339088920933
234.765148203 234.626 -2.6681965794514326
236.747715854 236.879 -0.5197772718418605
238.730309695 238.67 1.1631229171684652
240.712929725 239.008 1.389434524387326
242.695575945 235.428 -2.3059124623578953
244.678248355 238.329 0.47601139587257535
