vel Tant_raw Tant_corr
-209.960470447 226.914 0.23449109991975092
-207.983338822 229.688 2.836781946368461
-206.006181116 228.739 1.719086338727891
-204.028997329 228.849 1.663399298081572
-202.051787459 228.861 1.5127155181393732
-200.074551506 229.199 1.6910293655292605
-198.097289471 226.996 -0.6686651203394263
-196.120001351 228.698 0.8796257722884775
-194.142687147 227.78 -0.18910457189514318
-192.165346858 225.656 -2.4608630957790183
-190.187980484 229.584 1.3223429303569958
-188.210588024 229.966 1.562505908649257
-186.233169477 230.637 2.0946179136840613
-184.255724844 226.745 -1.9333293074094513
-182.278254123 227.043 -1.7683443353500365
-180.300757314 229.424 0.48256392160010364
-178.323234417 227.197 -1.8716137725499777
-176.345685431 228.93 -0.2628869816251438
-174.368110355 226.924 -2.3902655972594857
-172.390509189 227.43 -2.002759838880195
-170.412881933 227.184 -2.364380253815966
-168.435228585 229.938 0.27686228254734147
-166.457549147 230.318 0.5469565670671273
-164.479843616 229.933 0.0548910682909991
-162.502111992 231.411 1.4286539268656782
-160.524354276 228.325 -1.7587670446290815
-158.546570465 228.363 -1.8193843619764039
-156.568760561 228.62 -1.658210868907645
-154.590924562 228.861 -1.5102597375978348
-152.613062468 229.758 -0.7035444684111951
-150.635174278 231.777 1.2279211099108522
-148.657259991 227.332 -3.3018771597442367
-146.679319609 228.493 -2.2229537627811453
-144.701353129 230.447 -0.3483235132760001
-142.723360551 229.103 -1.7690015536808232
-140.745341875 227.091 -3.855003354997365
-138.7672971 228.673 -2.344344716855801
-136.789226225 229.312 -1.7740417675172182
-134.811129251 229.56 -1.5921109638514963
-132.833006177 230.257 -0.9585690915193368
-130.854857002 229.492 -1.784433264942379
-128.876681725 232.061 0.7262790726537673
-126.898480347 233.106 1.7155501492509586
-124.920252866 231.437 -0.006638136148637841
-122.941999282 232.76 1.2656957865780498
-120.963719595 230.203 -1.3394668414282762
-118.985413804 231.78 0.19185489192469163
-117.007081908 232.742 1.1106415696653187
-115.028723907 233.698 2.025873445734476
-113.050339801 232.759 1.0485304449173611
-111.071929589 231.389 -0.3574078372173801
-109.09349327 233.891 2.111037865661416
-107.115030844 234.697 2.8858464906192864
-105.136542311 233.905 2.064996645392796
-103.158027669 233.613 1.7464666083205884
-101.179486919 231.345 -0.5457656716299368
-99.2009200603 232.593 0.6802774250271
-97.2223270915 230.732 -1.2004268117279082
-95.2437080125 235.974 4.02409857855676
-93.2650628228 233.48 1.5148302267415374
-91.286391522 233.989 2.0107444340573295
-89.3076941095 237.63 5.64081717206011
-87.3289705847 236.151 4.153024082589525
-85.3502209472 235.039 3.0343404777258343
-83.3714451964 237.649 5.639741339745086
-81.3926433319 242.072 10.060201321076704
-79.4138153531 242.011 9.998694744259382
-77.4349612595 244.263 12.252195601898364
-75.4560810505 247.348 15.340677556621756
-73.4771747257 250.001 17.999113941036796
-71.4982422846 257.004 25.009477757686795
-69.5192837265 257.366 25.38074167900848
-67.5402990511 264.237 32.262878047286165
-65.5612882577 264.941 32.97985887461164
-63.582251346 265.816 33.86965584283675
-61.6031883153 262.481 30.551240303534854
-59.6240991651 264.458 32.5465832779534
-57.644983895 264.854 32.96265545697065
-55.6658425043 264.763 32.89342720105654
-53.6866749927 263.518 31.671868540221737
-51.7074813595 263.322 31.500949173983003
-49.7282616042 259.241 27.44663847131301
-47.7490157265 254.087 22.320905470596216
-45.7697437256 249.195 17.458718879595295
-43.7904456011 243.448 11.74304707539497
-41.8111213525 244.006 12.33385810436559
-39.8317709793 242.319 10.681119682118236
-37.8523944809 241.91 10.307799193462984
-35.8729918569 241.951 10.385863692360175
-33.8935631066 240.504 8.977279901885964
-31.9141082297 241.416 9.929014214175652
-29.9346272256 243.952 12.506032690393482
-27.9551200937 247.142 15.738301060683767
-25.9755868336 253.332 21.9717847241227
-23.9960274447 256.822 25.506448748683567
-22.0164419265 262.281 31.011257871186643
-20.0368302785 268.001 36.77817649725782
-18.0571925002 276.144 44.96916870128521
-16.077528591 284.043 52.91719822637782
-14.0978385505 284.015 52.93922848431481
-12.1181223781 275.991 44.96622255551196
-10.1383800733 268.68 37.70714318897035
-8.15861163566 254.279 23.35895280223386
-6.17881706451 245.845 14.978613481353449
-4.19899635944 239.747 8.935086980830306
-2.21914951995 235.384 4.627334723581697
-0.239276545398 235.414 4.713317800899176
1.74062256455 231.115 0.47099697239204374
3.72054781062 229.226 -1.3606673340362363
5.70049919315 227.982 -2.546715022253892
7.68047671273 230.026 -0.44418632792610424
9.66048036992 231.125 0.7138781814333868
11.6405101651 227.94 -2.4115623935859674
13.620566099 229.461 -0.8305492843191473
15.600648172 228.455 -1.7761240540902463
17.5807563846 225.538 -4.632328598242026
19.5608907374 226.202 -3.907205144179869
21.5410512308 226.971 -3.076796251424838
23.5212378655 227.596 -2.390144811641676
25.5014506418 228.446 -1.478294048704356
27.4816895603 230.592 0.7297124812823483
29.4619546217 232.733 0.0
31.4422458262 229.959 0.22101695651784325
33.4225631746 229.868 0.19222612795638838
35.4029066673 231.543 1.929413518739608
37.3832763047 230.533 0.9815339109001968
39.3636720875 230.395 0.905541753978099
41.3440940161 230.784 1.3563911649579268
43.3245420911 230.147 0.7810359282411525
45.305016313 229.226 -0.0785705044071392
47.2855166823 228.551 -0.6924750138987861
49.2660431995 230.729 1.546275186134011
51.2465958652 227.087 -2.0353674507023527
53.2271746798 227.976 -1.0864508036152642
55.2077796439 227.8 -1.203023084657758
57.1884107579 229.632 0.6878671612157916
59.1690680226 228.45 -0.43582894387608917
61.1497514381 230.483 1.6548393891818876
63.1304610053 227.58 -1.1911773834981716
65.1111967246 227.245 -1.4699291388888298
67.0919585963 229.575 0.9155339129208926
69.0727466213 229.234 0.6291612287012072
71.0535607998 241.368 0.0
73.0344011325 225.456 -3.042295186860315
75.0152676198 235.27 0.0
76.9961602623 240.067 0.0
78.9770790605 232.158 0.0
80.9580240148 229.884 1.5865022562881563
82.938995126 230.615 2.364836214668742
84.9199923943 227.643 -0.5610819078340228
86.9010158204 227.38 -0.7793056548426307
88.8820654049 229.064 0.9481110964226218
90.8631411481 227.543 -0.5308858649037802
92.8442430506 227.878 -0.15535108336334247
94.825371113 226.58 -1.4143394372241005
96.8065253356 226.346 -1.6109061385301118
98.7877057192 228.91 0.9888932668702353
100.768912264 230.322 2.435002899259814
102.750144971 228.652 0.7973665450336966
104.73140384 227.637 -0.18707234337787781
106.712688873 226.196 -1.5993706475004785
108.694000068 226.961 -0.8075855829502814
110.675337428 228.59 0.846225300649678
112.656700952 232.339 0.0
114.638090641 226.991 -0.7093073443290621
116.619506496 228.811 1.1292323570105225
118.600948517 226.748 -0.9174356628871294
120.582416704 226.092 -1.5593706247233854
122.563911059 226.148 -1.491632083526298
124.545431581 228.57 0.9397200712731149
126.526978271 227.882 0.2586256158296578
128.50855113 226.165 -1.4539760081756583
130.490150158 226.639 -0.9781456935795632
132.471775355 229.429 1.8110553322248677
134.453426723 228.736 1.114565507239746
136.435104262 225.63 -1.9976770651799995
138.416807972 228.71 1.0732653836327302
140.398537853 227.838 0.18933028761355786
142.380293907 229.5 1.836454745906508
144.362076134 227.652 -0.029424477156112516
146.343884534 228.728 1.0256290478951087
148.325719108 229.153 1.4265514156097368
150.307579856 230.854 0.0
152.289466779 227.356 -0.428254617552426
154.271379877 228.486 0.6678874957368919
156.253319151 231.194 0.0
158.235284602 228.753 0.8569357543643719
160.21727623 227.943 0.002710403218685542
162.199294035 228.724 0.7358971754611616
164.181338018 229.563 1.5234294847749652
166.16340818 229.211 1.1162404095342993
168.14550452 227.585 -0.5687373071781394
170.12762704 225.192 -3.0245712577589643
172.109775741 227.042 -1.2413293700188603
174.091950622 227.552 -0.8020799071802287
176.074151683 228.681 0.25210853198322525
178.056378927 228.822 0.3141670130104899
180.038632352 227.418 -1.1729737339781252
182.020911961 228.265 -0.4133833147236601
184.003217752 227.474 -1.2961316704527235
185.985549727 229.499 0.6327109216870213
187.967907886 229.608 0.641073848849544
189.95029223 228.267 -0.8051138376934261
191.93270276 228.532 -0.6499234225514385
193.915139475 228.148 -1.1484265261417477
195.897602376 230.217 0.8013048950456039
197.880091464 229.716 0.17619854850693173
199.86260674 226.687 -2.981818194318862
201.845148203 229.804 0.0011817020430555658
203.827715854 229.646 -0.29587506320078205
205.810309695 230.417 0.3309378728924912
207.792929725 229.415 -0.8204534627488442
209.775575945 230.007 -0.3831233796120159
211.758248355 233.009 0.0
