vel Tant_raw Tant_corr
-188.620470447 235.373 0.0
-186.643338822 225.659 -1.2687892749615912
-184.666181116 227.592 0.6270164067480835
-182.688997329 226.268 -0.7348729681937698
-180.711787459 228.762 1.7205746345628654
-178.734551506 226.196 -0.8846091616281626
-176.757289471 229.971 2.850606855519402
-174.780001351 227.62 0.4592534870683096
-172.802687147 228.154 0.952361122964561
-170.825346858 225.914 -1.32904025813815
-168.847980484 229.139 1.8540789111285676
-166.870588024 225.443 -1.8842522132486295
-164.893169477 227.662 0.29199511330156724
-162.915724844 228.763 1.3498492239244797
-160.938254123 227.278 -0.17866195982364275
-158.960757314 228.414 0.9134890720787041
-156.983234417 224.193 -3.351670581979448
-155.005685431 228.714 1.1248857646814372
-153.028110355 229.057 1.4231843869990541
-151.050509189 227.09 -0.5887488518625048
-149.072881933 227.223 -0.5008885005894683
-147.095228585 227.136 -0.6332095198189336
-145.117549147 226.414 -1.4006872820557987
-143.139843616 227.478 -0.3822975719337762
-141.162111992 227.062 -0.8440165860862976
-139.184354276 225.63 -2.321820933246471
-137.206570465 228.182 0.18431236558254227
-135.228760561 227.034 -1.009594122718596
-133.250924562 228.209 0.11948175635149028
-131.273062468 228.225 0.08956174499954273
-129.295174278 228.391 0.2096671730135995
-127.317259991 225.823 -2.4041810422683056
-125.339319609 230.773 2.5000376040566152
-123.361353129 227.444 -0.8746567957837499
-121.383360551 227.724 -0.640244562105579
-119.405341875 228.407 -0.0027064278934574304
-117.4272971 230.226 1.7709764611221885
-115.449226225 229.464 0.9638225464338461
-113.471129251 228.466 -0.07915014325234893
-111.493006177 230.724 2.13407600783745
-109.514857002 229.481 0.8465182025363163
-107.536681725 230.833 2.154193230681898
-105.558480347 230.631 1.9081174691062301
-103.580252866 231.228 2.4613068814696533
-101.601999282 232.105 3.2947770183176885
-99.6237195948 233.538 4.684543016977329
-97.6454138036 230.722 1.8256196014936563
-95.6670819079 233.613 4.674021082595289
-93.6887239072 233.733 4.751761357632915
-91.710339801 233.713 4.689853910524818
-89.7319295888 234.996 5.931311811702216
-87.7534932701 234.286 5.180147718054457
-85.7750308443 234.16 5.0133738728726485
-83.796542311 235.138 5.951002105800939
-81.8180276695 236.789 7.56204383277165
-79.8394869195 236.682 7.415510055965058
-77.8609200603 237.891 8.58541136373833
-75.8823270915 235.703 6.358757930585
-73.9037080125 235.46 6.07755951707037
-71.9250628228 234.476 5.05582546978269
-69.946391522 233.221 3.7635647212785557
-67.9676941095 232.591 3.0967857900222384
-65.9889705847 231.298 1.767496780335108
-64.0102209472 233.785 4.218705382344552
-62.0314451964 233.0 3.3984188719217627
-60.0526433319 233.256 3.6196441106343684
-58.0738153531 235.697 6.026387545684628
-56.0949612595 237.567 7.862655209859952
-54.1160810505 234.399 4.661452721474717
-52.1371747257 237.656 7.885785284320718
-50.1582422846 237.417 7.614657687607149
-48.1792837265 237.916 8.082074305904541
-46.2002990511 236.564 6.699039099099622
-44.2212882577 236.272 6.376555612327621
-42.242251346 237.731 7.805626975930352
-40.2631883153 240.534 10.579255905388806
-38.2840991651 240.132 10.148444701277867
-36.304983895 239.83 9.81819524920968
-34.3258425043 241.218 11.178509019773202
-32.3466749927 242.868 12.801387068489475
-30.3674813595 246.327 16.233830035745456
-28.3882616042 247.958 17.83883814674769
-26.4090157265 249.338 19.193411211467236
-24.4297437256 251.702 21.53254862457581
-22.4504456011 257.098 26.904249365402706
-20.4711213525 260.507 30.28951199787329
-18.4917709793 261.434 31.193334670455812
-16.5123944809 261.462 31.198715116105006
-14.5329918569 267.115 36.82965065221123
-12.5535631066 271.02 40.7131381805394
-10.5741082297 275.099 44.771174187182396
-8.59462722557 280.826 50.47775474249792
-6.61512009373 288.379 58.01087550105882
-4.63558683361 294.811 64.42353170159598
-2.65602744466 294.215 63.80871816694443
-0.676441926513 289.702 59.27742930398992
1.30316972153 280.757 50.314659103609245
3.28280749979 268.123 37.663401140621914
5.26247140896 258.643 28.16664857372865
7.2421614495 251.26 20.76739414546165
9.22187762187 245.333 14.824630182127663
11.2016199267 242.72 12.196348593751793
13.1813883643 236.003 5.464540874026426
15.1611829355 237.428 6.875198100249918
17.1410036406 234.01 3.4433109332795198
19.12085048 230.859 0.2788696174716847
21.1007234546 231.238 0.6448639806245353
23.0806225645 230.215 -0.3907165660681926
25.0605478106 233.484 2.866116971917137
27.0404991932 231.982 1.352353172388348
29.0204767127 230.848 0.20698019637785592
31.0004803699 229.69 -0.962014211913953
32.9805101651 233.483 2.8203572748316788
34.960566099 231.857 1.1840815669916083
36.940648172 226.918 -3.764854842050113
38.9207563846 231.973 1.2805341240404005
40.9008907374 230.213 -0.48876587550805084
42.8810512308 230.365 -0.34576959862499734
44.8612378655 230.595 -0.12449222045609076
46.8414506418 232.655 1.9270506665854725
48.8216895603 231.72 0.9838430527605055
50.8019546217 232.17 1.4258685109500107
52.7822458262 229.604 -1.1478898033975042
54.7625631746 230.47 -0.28944915232565904
56.7429066673 230.042 -0.7248272154209303
58.7232763047 230.445 -0.3290420898695743
60.7036720875 229.94 -0.8411122905135642
62.6840940161 230.849 0.06094325009641466
64.6645420911 231.94 1.1451051816443112
66.645016313 227.432 -3.3696462640055245
68.6255166823 229.172 -1.6363312728636004
70.6060431995 228.556 -2.2589704488703717
72.5865958652 229.985 -0.8365848139516743
74.5671746798 228.837 -1.991195808072888
76.5477796439 231.317 0.4821747107049532
78.5284107579 228.307 -2.5344955338290447
80.5090680226 228.472 -2.376229236092314
82.4897514381 230.836 -0.019049508760531353
84.4704610053 232.376 1.5140201171723504
86.4511967246 229.458 -1.4110443076566526
88.4319585963 231.372 0.4957328489641668
90.4127466213 230.367 -0.5166731992368057
92.3935607998 238.027 0.0
94.3744011325 234.793 0.0
96.3552676198 232.255 1.3477552861622826
98.3361602623 243.441 0.0
100.31707906 230.569 -0.3553483326195135
102.298024015 231.552 0.6186024366990068
104.278995126 230.224 -0.7188152247888411
106.259992394 228.581 -2.3716294531877793
108.24101582 234.101 3.138131196419778
110.222065405 229.423 -1.550562250081441
112.203141148 232.163 1.178260814116669
114.184243051 232.034 1.0375705766627163
116.165371113 232.247 1.2383368060248472
118.146525336 230.759 -0.26247114860038323
120.127705719 232.847 1.8121156426944083
122.108912264 229.002 -2.046934309567064
124.090144971 229.732 -1.3316529142666127
126.07140384 232.598 1.518927500240551
128.052688873 232.387 1.2917741860539422
130.034000068 230.651 -0.46114602427869045
132.015337428 232.914 1.784133282108769
133.996700952 232.348 1.1995780984217674
135.978090641 232.859 1.6911539980979455
137.959506496 230.599 -0.5891738652313734
139.940948517 230.698 -0.5114407577855786
141.922416704 233.57 2.3383176343008074
143.903911059 230.831 -0.4239347951008767
145.885431581 230.312 -0.9672345721114084
147.866978271 230.154 -1.150618642956431
149.84855113 229.41 -1.9211243739996178
151.830150158 232.182 0.8232104482158888
153.811775355 231.778 0.39034761690055575
155.793426723 229.922 -1.4957514950679922
157.775104262 231.773 0.3238740648581313
159.756807972 230.664 -0.8178151711856003
161.738537853 231.395 -0.12085909153120156
163.720293907 229.789 -1.7622980050701642
165.702076134 233.581 1.9928273587603087
167.683884534 231.338 -0.28852415011064636
169.665719108 231.698 0.031605897536906014
171.647579856 230.367 -1.3408244898029693
173.629466779 234.301 2.5501422755423846
175.611379877 234.664 2.868463360410601
177.593319151 233.982 2.140095510705578
179.575284602 230.978 -0.9120049486376729
181.55727623 233.042 1.1021178863173589
183.539294035 233.397 1.4054194984311437
185.521338018 232.731 0.6858549494053818
187.50340818 232.95 0.8493788797513275
189.48550452 231.638 -0.5200544912067642
191.46762704 232.319 0.10150863447051961
193.449775741 232.458 0.17902163339337562
195.431950622 230.726 -1.616562539175277
197.414151683 232.624 0.2157086505346797
199.396378927 231.043 -1.433212685329778
201.378632352 232.26 -0.28637485602965285
203.360911961 232.159 -0.4598265926318277
205.343217752 233.562 0.868382952289295
207.325549727 231.843 -0.9277957957297644
209.307907886 232.71 -0.14041283287608053
211.29029223 232.628 -0.30451857723028297
213.27270276 231.775 -1.2421638687843881
215.255139475 235.662 2.557600030591516
217.237602376 231.843 -1.351278563076761
219.220091464 231.421 -1.8658517558414474
221.20260674 234.237 0.8548279241113335
223.185148203 232.859 -0.6212924734933551
225.167715854 233.96 0.3787336787327149
227.150309695 234.462 0.7768525858244004
229.132929725 231.266 -2.525989969381385
231.115575945 236.115 2.2131513734403256
233.098248355 233.654 -0.3607784477948428
