vel Tant_raw Tant_corr
-232.440470447 224.091 1.3294129297760833
-230.463338822 222.374 -0.3907954003337579
-228.486181116 221.795 -0.9743050069124877
-226.508997329 221.524 -1.2510724316128687
-224.531787459 221.852 -0.9300547067555556
-222.554551506 222.963 0.17279064461791904
-220.577289471 222.53 -0.2694943913189718
-218.600001351 223.913 1.1031316807323037
-216.622687147 222.953 0.1317098651679487
-214.645346858 222.72 -0.11371932461184997
-212.667980484 221.917 -0.9301158662519242
-210.690588024 222.576 -0.285440228519775
-208.713169477 224.35 1.4733466286351415
-206.735724844 224.742 1.8492832540330824
-204.758254123 223.022 0.11240770515951226
-202.780757314 224.255 1.3277575481396582
-200.803234417 223.397 0.45136985765830673
-198.825685431 224.654 1.6892812168850355
-196.848110355 222.977 -0.0074722825825404016
-194.870509189 223.222 0.2171449592267436
-192.892881933 223.958 0.9321680505834706
-190.915228585 222.836 -0.21136839202972624
-188.937549147 223.336 0.26656975608196376
-186.959843616 221.48 -1.6119838723384134
-184.982111992 222.531 -0.5839961364762871
-183.004354276 223.158 0.01956561246839783
-181.026570465 222.468 -0.6942664688432103
-179.048760561 222.952 -0.23446071584717743
-177.070924562 223.163 -0.04798595624973245
-175.093062468 223.103 -0.1328115100198204
-173.115174278 222.085 -1.1759071894911415
-171.137259991 221.567 -1.7192432994148419
-169.159319609 221.938 -1.3737906369858024
-167.181353129 222.864 -0.47352049201083446
-165.203360551 222.009 -1.354404646870961
-163.225341875 222.88 -0.5094153766247871
-161.2472971 223.47 0.05447455091280062
-159.269226225 224.637 1.195291875118727
-157.291129251 223.054 -0.4139371574768518
-155.313006177 221.988 -1.5061867933088138
-153.334857002 223.061 -0.4594317718158152
-151.356681725 224.102 0.5553526744946282
-149.378480347 223.91 0.3371908200074927
-147.400252866 223.358 -0.24089355413127578
-145.421999282 224.121 0.4961228399861852
-143.443719595 223.709 0.058262796938066685
-141.465413804 222.991 -0.6854513821055264
-139.487081908 223.885 0.18300211056549642
-137.508723907 224.182 0.4546445891488702
-135.530339801 225.476 1.7234968742515377
-133.551929589 224.292 0.5145792928117316
-131.57349327 223.808 0.005911678046857105
-129.595030844 223.356 -0.47048663059948126
-127.616542311 224.8 0.9494032124643468
-125.638027669 224.987 1.11259955888886
-123.659486919 224.954 1.056120266378798
-121.68092006 225.17 1.2489826985670902
-119.702327091 225.105 1.1612037249743707
-117.723708012 226.051 2.08479972095472
-115.745062823 227.003 3.0147865676185575
-113.766391522 228.368 4.358179651745587
-111.787694109 228.492 4.460993865763896
-109.808970585 228.73 4.678243607672357
-107.830220947 229.043 4.970942780923224
-105.851445196 230.057 5.965104794440634
-103.872643332 231.239 7.127742562502505
-101.893815353 231.533 7.402868504666628
-99.9149612595 232.056 7.9074945457493016
-97.9360810505 230.768 6.601632115720946
-95.9571747257 231.935 7.751292149661964
-93.9782422846 232.897 8.696485087688586
-91.9992837265 234.604 10.38722087488813
-90.0202990511 231.338 7.105508961258153
-88.0412882577 231.933 7.685358301634892
-86.062251346 233.072 8.809777355633969
-84.0831883153 232.725 8.44877408757884
-82.1040991651 231.974 7.684355966440137
-80.124983895 232.417 8.114529965769208
-78.1458425043 234.838 10.523302563630011
-76.1666749927 235.293 10.966679742538446
-74.1874813595 238.965 14.6276669893916
-72.2082616042 240.61 16.262269295406355
-70.2290157265 245.113 20.755491156053296
-68.2497437256 247.705 23.338336570988048
-66.2704456011 249.661 25.285809043990213
-64.2911213525 254.149 29.7659115828954
-62.3117709793 257.473 33.082646699530216
-60.3323944809 261.697 37.3000164096465
-58.3529918569 261.658 37.255022232856845
-56.3735631066 266.128 41.719665192567476
-54.3941082297 265.372 40.95894581591489
-52.4146272256 266.372 41.95486413369818
-50.4351200937 266.968 42.547419680314704
-48.4555868336 264.581 40.15761149369459
-46.4760274447 261.458 37.032438115234754
-44.4964419265 258.445 34.017897589733536
-42.5168302785 255.997 31.56898746532542
-40.5371925002 252.628 28.19970479341501
-38.557528591 250.765 26.337046128611888
-36.5778385505 253.316 28.88900752866479
-34.5981223781 254.736 30.310584554396144
-32.6183800733 257.761 33.33777226963659
-30.6386116357 264.084 39.66356524115892
-28.6588170645 269.554 45.136957538613586
-26.6789963594 271.403 46.98994273446175
-24.69914952 271.282 46.87351390391004
-22.7192765454 272.759 48.3556636248467
-20.7393774355 273.594 49.19638397777234
-18.7594521894 274.375 49.98366654573877
-16.7795008068 273.652 49.26750241427928
-14.7995232873 275.575 51.197882171344986
-12.8195196301 274.128 49.75879590724048
-10.8394898349 269.794 45.43323321455489
-8.85943390098 256.968 32.61618318809974
-6.87935182796 243.232 18.889634424840068
-4.8992436154 235.065 10.732575023830577
-2.91910926259 229.472 5.149992586151001
-0.938948769222 227.245 2.9338742148370045
1.04123786545 224.63 0.3302065148190536
3.0214506418 224.847 0.5589755928521072
5.00168956033 224.407 0.13116705745281365
6.98195462168 224.57 0.30676601883391186
8.96224582619 223.66 -0.5902429111641538
10.9425631746 224.313 0.07612438086545126
12.9229066673 226.568 2.344851509825361
14.9032763047 224.463 0.25392159205057396
16.8836720875 224.304 0.1093172452449096
18.8640940161 223.325 -0.8549794115892269
20.8445420911 225.233 1.0680132417873267
22.825016313 224.002 -0.14772367321774027
24.8055166823 223.763 -0.371209534093083
26.7860431995 223.982 -0.1364642172895003
28.7665958652 223.116 -0.9865080982849292
30.7471746798 224.137 0.050637948347286965
32.7277796439 221.653 -2.4170474511239206
34.7084107579 223.76 -0.2935861696566917
36.6890680226 222.407 -1.6300005794968513
38.6697514381 224.092 0.07168644774691302
40.6504610053 223.62 -0.3835484589500311
42.6311967246 222.791 -1.195729170105011
44.6119585963 222.762 -1.2078800557906675
46.5927466213 225.301 1.3479740143052368
48.5735607998 226.63 0.0
50.5544011325 224.546 0.6265950445752821
52.5352676198 233.557 0.0
54.5161602623 234.751 0.0
56.4970790605 224.314 0.4444132805842571
58.4780240148 224.3 0.44674683481909483
60.458995126 224.347 0.5098972621011058
62.4399923943 224.451 0.6298356934042033
64.4210158204 224.134 0.3285327594934131
66.4020654049 224.605 0.8149585908539905
68.3831411481 223.137 -0.6379171823760146
70.3642430506 223.307 -0.4531254304669403
72.345371113 224.203 0.4573024758342683
74.3265253356 223.477 -0.2546653347641552
76.3077057192 224.796 1.0779387658410542
78.2889122641 223.807 0.1020819050752948
80.2701449711 223.792 0.09973070962686847
82.2514038403 224.747 1.0668513053732056
84.2326888726 222.957 -0.7115906826755634
86.2140000683 223.396 -0.2616301304511808
88.195337428 223.485 -0.1623024148878187
90.1767009522 223.162 -0.4756434139906389
92.1580906414 222.968 -0.660689506900809
94.1395064961 222.427 -1.1934775739616725
96.1209485169 224.09 0.4769550032155223
98.1024167042 223.456 -0.15042965831537458
100.083911059 224.013 0.4123300571010873
102.065431581 223.792 0.19619526365036677
104.046978271 223.072 -0.5198734260109177
106.02855113 223.531 -0.05791590082469611
108.010150158 222.51 -1.0769725513988817
109.991775355 224.223 0.636915729929342
111.973426723 224.013 0.4267075490266734
113.955104262 223.454 -0.13363899010397517
115.936807972 223.866 0.27583371461290085
117.918537853 222.979 -0.6149172367405242
119.900293907 223.235 -0.36393524614715034
121.882076134 222.848 -0.7572642177134128
123.863884534 223.374 -0.23894855773724544
125.845719108 223.658 0.03596682522100991
127.827579856 223.582 -0.050563479719812676
129.809466779 224.011 0.36641461416311927
131.791379877 223.105 -0.5531453088588592
133.773319151 223.945 0.2717098329558212
135.755284602 223.58 -0.11006738124243043
137.73727623 223.966 0.257475125049325
139.719294035 223.691 -0.03771107438615218
141.701338018 225.17 1.4193250914364341
143.68340818 224.679 0.9045341906464728
145.66550452 224.454 0.6538662884780706
147.64762704 223.481 -0.3467290528584215
149.629775741 223.554 -0.3033027741956289
151.611950622 224.863 0.9740936805458773
153.594151683 223.814 -0.10859163575071307
155.576378927 224.032 0.07358882649324983
157.558632352 224.003 0.006582113626592445
159.540911961 224.611 0.5743347685217088
161.523217752 224.482 0.40279283069986604
163.505549727 223.771 -0.35309816391477966
165.487907886 224.224 0.052606817061530364
167.47029223 224.003 -0.21814769765902042
169.45270276 223.369 -0.9044176830814195
171.435139475 224.544 0.21574038206242108
173.417602376 224.456 0.07026951514205848
175.400091464 225.081 0.6351122296111669
177.38260674 222.741 -1.7677894650589963
179.365148203 223.409 -1.1654940633783326
181.347715854 224.952 0.30893943596922213
183.330309695 225.053 0.33845153008149964
185.312929725 225.219 0.4299822119175758
187.295575945 224.802 -0.06452902994516307
189.278248355 225.13 0.18285678873166944
