vel Tant_raw Tant_corr
-167.100470447 229.987 -0.5299762101951728
-165.123338822 228.576 -1.936258547343101
-163.146181116 229.911 -0.6000414896195423
-161.168997329 230.549 0.03577779405227943
-159.191787459 228.001 -2.5176989525117506
-157.214551506 231.127 0.5996289271041064
-155.237289471 231.15 0.6108610017806484
-153.260001351 228.923 -1.6309042473138504
-151.282687147 231.728 1.1564305731797901
-149.305346858 231.104 0.511961768630556
-147.327980484 231.103 0.4877845562961056
-145.350588024 229.114 -1.5270069348419213
-143.373169477 230.774 0.1046803357865258
-141.395724844 229.995 -0.7050616797716884
-139.418254123 232.666 1.9328578817882658
-137.440757314 231.503 0.7345287949598287
-135.463234417 231.875 1.0690397452533205
-133.485685431 234.798 0.0
-131.508110355 230.647 -0.2400689466207382
-129.530509189 230.44 -0.4905166640127163
-127.552881933 232.58 1.6042195049839734
-125.575228585 235.444 0.0
-123.597549147 231.127 0.05557536589176948
-121.619843616 232.542 1.4203582649282396
-119.642111992 232.297 1.1236514642923794
-117.664354276 230.227 -0.9994661578324724
-115.686570465 228.83 -2.4509168137979316
-113.708760561 232.812 1.4753761936086107
-111.730924562 232.565 1.1714884707735678
-109.753062468 231.941 0.4894945332786449
-107.775174278 229.788 -1.722532194328096
-105.797259991 232.77 1.199480621351256
-103.819319609 229.247 -2.3843957774864464
-101.841353129 231.657 -0.03609124023503796
-99.8633605507 227.422 -4.333536707788738
-97.8853418746 231.415 -0.40366421274214304
-95.9072970997 231.484 -0.3984068796081317
-93.9292262255 231.855 -0.0916989248993616
-91.9511292514 231.515 -0.49647565729145526
-89.9730061771 231.279 -0.7976734777544721
-87.9948570018 230.663 -1.479229879723789
-86.0166817252 230.684 -1.5240834492114743
-84.0384803468 232.781 0.5068261350261594
-82.0602528658 234.119 1.7785581013404226
-80.081999282 235.0 2.5931705850759954
-78.1037195948 233.801 1.3277206283928251
-76.1254138036 234.278 1.738264180135019
-74.1470819079 237.137 4.530856095689643
-72.1687239072 239.993 7.320550136838705
-70.190339801 237.598 4.859398971614695
-68.2119295888 240.828 8.023454174155802
-66.2334932701 244.304 11.43376622456148
-64.2550308443 244.235 11.299384508744367
-62.276542311 246.917 13.916357318295496
-60.2980276695 246.798 13.732731850323432
-58.3194869195 246.853 13.723554207332256
-56.3409200603 244.404 11.210869397050828
-54.3623270915 246.764 13.507721332310979
-52.3837080125 248.793 15.474152830886368
-50.4050628228 246.528 13.147205615357677
-48.426391522 250.099 16.656920312967515
-46.4476941095 250.085 16.58233645546636
-44.4689705847 248.289 14.726492478974137
-42.4902209472 248.96 15.338425723841539
-40.5114451964 248.903 15.223172434492824
-38.5326433319 246.914 13.176767759293227
-36.5538153531 246.063 12.269245750392116
-34.5749612595 245.259 11.409639363587019
-32.5960810505 244.46 10.555980458173224
-30.6171747257 244.378 10.420299796806802
-28.6382422846 243.722 9.711627045351804
-26.6592837265 241.145 7.0829907727326145
-24.6802990511 238.859 4.746418450804924
-22.7012882577 238.776 4.613936454189883
-20.722251346 241.061 6.850570060149607
-18.7431883153 241.294 7.036343448422201
-16.7640991651 241.14 6.83627970109157
-14.784983895 243.865 9.516400802439989
-12.8058425043 249.138 14.745727638793625
-10.8266749927 262.608 28.173279998393525
-8.84748135949 271.032 36.55607657123258
-6.86826160422 284.819 50.303134948925276
-4.88901572646 287.947 53.39247162455683
-2.90974372559 290.558 55.966101992534504
-0.930445601068 291.004 56.37604034844773
1.04887864748 294.834 60.17129988892427
3.02822902071 287.734 53.03789271147721
5.00760551906 288.413 53.684829814368726
6.98700814311 280.588 45.82912109645844
8.96643689336 274.033 39.24477535706228
10.9458917703 274.767 39.95080029580586
12.9253727744 281.18 46.337202512479564
14.9048799063 280.407 45.538987506890635
16.8844131664 281.165 46.27315967872366
18.8639725553 280.413 45.49872232738929
20.8435580735 283.088 48.152677651883124
22.8231697215 281.139 46.18402675063888
24.8028074998 282.319 47.345769621383255
26.782471409 282.539 47.54890516098973
28.7621614495 283.66 48.65443116533595
30.7418776219 281.293 46.27334432915478
32.7216199267 277.248 42.215640245891734
34.7013883643 276.878 41.83431340755914
36.6811829355 274.89 39.83635720458807
38.6610036406 272.556 37.493763925687944
40.64085048 274.953 39.88352475769747
42.6207234546 273.063 37.987629785438514
44.6006225645 272.641 37.56106799157487
46.5805478106 274.45 39.36682725646199
48.5604991932 271.818 36.73289435800535
50.5404767127 272.127 37.04125497151276
52.5204803699 266.884 31.798893669549386
54.5005101651 265.126 30.04279392179251
56.480566099 265.693 30.61293809488626
58.460648172 263.186 28.11030745229516
60.4407563846 260.214 25.14388215415937
62.4208907374 260.622 25.558641257149105
64.4010512308 261.536 26.480562714318182
66.3812378655 259.437 24.390623374960427
68.3614506418 260.77 25.733798984460833
70.3416895603 261.396 26.37106418415334
72.3219546217 259.606 24.593392511174358
74.3022458262 257.724 22.724756398313616
76.2825631746 258.439 23.454127173875094
78.2629066673 253.9 18.93047506152493
80.2432763047 251.414 16.46076918014839
82.2236720875 252.198 17.26197754370665
84.2040940161 246.343 11.425067061085997
86.1845420911 244.62 9.721003535956754
88.165016313 242.913 8.033751666624482
90.1455166823 240.555 5.6962750458852724
92.1260431995 242.489 7.651536160879999
94.1065958652 235.214 0.3984963929495393
96.0871746798 235.216 0.42311601748576777
98.0677796439 236.257 1.4873542037901473
100.048410758 234.596 -0.14983098507551063
102.029068023 235.617 0.8955174075712478
104.009751438 235.097 0.4003552318603454
105.990461005 237.357 0.0
107.971196725 231.586 -3.059682957509011
109.951958596 232.416 -2.203652804862543
111.932746621 234.901 0.30767911182132934
113.9135608 234.172 -0.3947368921559189
115.894401132 237.046 0.0
117.87526762 232.455 -2.0580169380630196
119.856160262 237.173 0.0
121.83707906 231.695 -2.7639125708612937
123.818024015 232.339 -2.0928522128520513
125.798995126 235.386 0.9811388557021132
127.779992394 234.649 0.271003195210767
129.76101582 234.854 0.502682257655664
131.742065405 235.838 0.0
133.723141148 233.229 -1.0697551837611172
135.704243051 234.891 0.6180056728738066
137.685371113 234.517 0.26933597313345103
139.666525336 234.697 0.4741716246822989
141.647705719 232.304 -1.8945525741573306
143.628912264 233.649 -0.5259029344762496
145.610144971 233.092 -1.0599468769867997
147.59140384 233.447 -0.6827529321432735
149.572688873 236.796 0.0
151.554000068 233.56 -0.5279310517574629
153.535337428 234.874 0.8055542728571652
155.516700952 232.881 -1.1690077373200722
157.498090641 237.018 0.0
159.479506496 232.596 -1.420571198073901
161.460948517 232.78 -1.2217241433691584
163.442416704 233.196 -0.7922274131836105
165.423911059 234.049 0.07284046777857611
167.405431581 231.643 -2.3226001364114097
169.386978271 234.47 0.513370026979004
171.36855113 237.135 0.0
173.350150158 234.761 0.8172141097842598
175.331775355 234.847 0.9069209765792721
177.313426723 234.02 0.0817045054290304
179.295104262 234.895 0.9564783901065823
181.276807972 235.039 1.0981552121569962
183.258537853 232.547 -1.398353559248875
185.240293907 231.823 -2.1291375674685753
187.222076134 235.925 0.0
189.203884534 233.365 -0.607895431256992
191.185719108 232.181 -1.806054137467072
193.167579856 234.645 0.6411422179374995
195.149466779 234.396 0.3725984267868796
197.131379877 235.731 0.0
199.113319151 232.217 -1.8540959949880005
201.095284602 235.014 0.9145573904471576
203.07727623 233.83 -0.3009213388229739
205.059294035 232.988 -1.1776329594306958
207.041338018 235.115 0.9113206378404186
209.02340818 234.695 0.4498364479219106
211.00550452 236.796 0.0
212.98762704 234.382 0.04313711406518905
214.969775741 233.962 -0.42928961276376754
216.951950622 234.927 0.47942270726309744
218.934151683 232.965 -1.542834504499666
220.916378927 232.145 -2.4271709419550405
222.898632352 236.246 0.0
224.880911961 236.564 0.0
226.863217752 233.496 -1.2947692769293724
228.845549727 233.241 -1.6315418635947196
230.827907886 233.637 -1.3219588775924365
232.81029223 233.806 -1.2441367068213651
234.79270276 233.709 -1.4371928553741782
236.775139475 231.846 -3.4012459435796814
238.757602376 235.977 0.6235842916564422
240.740091464 236.133 0.6681769967941875
242.72260674 236.999 0.0
244.705148203 234.469 -1.2348391813141575
246.687715854 238.004 0.0
248.670309695 236.513 0.5477163558743996
250.652929725 234.969 -1.1357304844774205
252.635575945 237.383 0.0
254.618248355 238.621 0.0
