vel Tant_raw Tant_corr
-181.000470447 222.53 1.562720360666333
-179.023338822 221.709 0.7297893341913095
-177.046181116 221.019 0.027220129576647878
-175.068997329 220.047 -0.9579595720218776
-173.091787459 219.33 -1.6887224599736612
-171.114551506 220.709 -0.3240415941956769
-169.137289471 221.318 0.2701095947937233
-167.160001351 221.705 0.6417573057875074
-165.182687147 223.851 2.7719273669010533
-163.205346858 221.658 0.562645235477703
-161.227980484 221.291 0.17893599806322413
-159.250588024 219.625 -1.5041756296598692
-157.273169477 221.268 0.12133469708672351
-155.295724844 220.389 -0.7755090478537738
-153.318254123 222.13 0.947316738333086
-151.340757314 221.546 0.34483528742853764
-149.363234417 219.478 -1.7419305398859422
-147.385685431 220.933 -0.305958254087642
-145.408110355 221.254 -0.004225736852362161
-143.430509189 223.237 1.9592887589064105
-141.452881933 220.123 -1.174393391021141
-139.475228585 222.508 1.190748817789654
-137.497549147 219.249 -2.0882639815912682
-135.519843616 221.281 -0.07641152758793623
-133.542111992 219.038 -2.339673930087315
-131.564354276 220.137 -1.2610316705078617
-129.586570465 220.366 -1.0524656019004226
-127.608760561 223.492 2.0530430510954147
-125.630924562 223.094 1.6345126921093822
-123.653062468 219.402 -2.0780386469467658
-121.675174278 219.668 -1.8325933059593353
-119.697259991 219.393 -2.128133996651542
-117.719319609 220.216 -1.3256438026013768
-115.741353129 223.736 2.1738938206259775
-113.763360551 223.921 2.338495045512275
-111.785341875 221.668 0.06517567250557477
-109.8072971 221.517 -0.10604887003896124
-107.829226225 221.052 -0.5911635258979118
-105.851129251 222.339 0.6758463889913457
-103.873006177 222.596 0.9129951864408099
-101.894857002 222.338 0.6352968059831028
-99.9166817252 223.029 1.3067648148245326
-97.9384803468 225.653 3.9114124078032546
-95.9602528658 225.56 3.7992524073186473
-93.981999282 226.445 4.665297263301682
-92.0037195948 228.81 7.011559053153917
-90.0254138036 229.864 8.047049481702345
-88.0470819079 231.997 10.161779881150949
-86.0687239072 233.519 11.665761211030599
-84.090339801 234.109 12.238004058149812
-82.1119295888 235.812 13.923518636545424
-80.1334932701 237.484 15.578314787433499
-78.1550308443 235.815 13.892401979159047
-76.176542311 235.792 13.852789307149493
-74.1980276695 236.422 14.466485493861086
-72.2194869195 234.376 12.404498888735532
-70.2409200603 235.17 13.182837468144072
-68.2623270915 233.488 11.485508835344007
-66.2837080125 232.787 10.76952022042525
-64.3050628228 232.952 10.919878480263577
-62.326391522 230.628 8.581590098471167
-60.3476941095 228.513 6.452661185345164
-58.3689705847 227.304 5.2300974778198395
-56.3902209472 226.604 4.516904339418744
-54.4114451964 225.325 3.22508676020243
-52.4326433319 227.881 5.768649356722136
-50.4538153531 228.311 6.186596371967511
-48.4749612595 228.587 6.450931675319509
-46.4960810505 227.988 5.840658762499714
-44.5171747257 230.315 8.156780755522703
-42.5382422846 232.005 9.836300402645065
-40.5592837265 233.133 10.954220078315501
-38.5802990511 235.344 13.155541783128655
-36.6012882577 236.469 14.271267143771723
-34.622251346 239.156 16.949397412978925
-32.6431883153 238.856 16.64093346947837
-30.6640991651 237.408 15.184875817945624
-28.684983895 237.521 15.29022458895355
-26.7058425043 238.078 15.839979538921625
-24.7266749927 240.072 17.827140050069033
-22.7474813595 238.584 16.3327051303624
-20.7682616042 240.66 18.402673413468676
-18.7890157265 244.222 21.959043158705413
-16.8097437256 249.933 27.6648122509894
-14.8304456011 254.458 32.18497820078994
-12.8511213525 265.473 43.195538144077915
-10.8717709793 273.065 50.78348884227657
-8.89239448094 286.959 64.67382668221225
-6.91299185689 296.267 73.97854767606484
-4.93356310664 303.641 81.3496474613186
-2.95410822974 309.056 86.76212130071244
-0.974627225571 311.19 88.89396408219056
1.00487990627 305.834 83.53617031885318
2.98441316639 299.449 77.1497341489067
4.96397255534 288.717 66.41664933561461
6.94355807349 274.339 52.03790926724807
8.92316972153 259.433 37.131506957035924
10.9028074998 250.009 27.70743504311588
12.882471409 240.535 18.23368578848465
14.8621614495 235.106 12.805251080948466
16.8418776219 230.829 8.529122433073837
18.8216199267 228.14 5.841290982137764
20.8013883643 227.22 4.92274749007845
22.7811829355 224.911 2.615482343445933
24.7610036406 225.106 2.8124855533520474
26.74085048 223.558 1.2667467554212237
28.7207234546 224.81 2.5212552097417245
30.7006225645 222.601 0.31499980081426315
32.6805478106 222.694 0.41096903750479896
34.6604991932 221.341 -0.9388489470069885
36.6404767127 222.216 -0.06046639527639286
38.6204803699 221.629 -0.6438959256425676
40.6005101651 222.16 -0.10915053227950011
42.580566099 221.614 -0.6512435852441456
44.560648172 222.396 0.13481116947278338
46.5407563846 221.651 -0.6060003901018831
48.5208907374 220.51 -1.7426927619736148
50.5010512308 223.275 1.0267191797701116
52.4812378655 222.673 0.4292201849107755
54.4614506418 221.406 -0.8332053729519089
56.4416895603 222.133 -0.10157349644816804
58.4219546217 222.462 0.23209943551171364
60.4022458262 223.957 1.7317966676866376
62.3825631746 221.113 -1.1074989315425512
64.3629066673 221.915 -0.30080487022493685
66.3432763047 221.392 -0.8191390328881312
68.3236720875 222.495 0.2884803194126846
70.3040940161 222.162 -0.03996545095617421
72.2845420911 222.506 0.3085046417446051
74.265016313 223.828 1.6348712065770883
76.2455166823 222.292 0.10311447587659472
78.2260431995 221.571 -0.6137856947979117
80.2065958652 222.031 -0.14984982671316516
82.1871746798 221.64 -0.5370988180120833
84.1677796439 223.367 1.1934460562376898
86.1484107579 221.291 -0.8792368560068553
88.1290680226 221.471 -0.6961695838127184
90.1097514381 221.78 -0.38437453332221594
92.0904610053 220.993 -1.1688744878003945
94.0711967246 223.341 1.1813073923133004
96.0519585963 224.561 0.0
98.0327466213 223.901 1.7446221283928764
100.0135608 224.18 2.024706777165221
101.994401132 228.899 0.0
103.97526762 225.628 0.0
105.956160262 228.358 0.0
107.93707906 221.567 -0.5883527846303593
109.918024015 223.056 0.8994047191739298
111.898995126 221.525 -0.6333813673944917
113.879992394 220.569 -1.5917379792443285
115.86101582 221.548 -0.6156924290051791
117.842065405 221.946 -0.22127240707740725
119.823141148 222.384 0.2124940183227011
121.804243051 220.979 -1.1974215988965966
123.785371113 220.838 -1.3440480827395334
125.766525336 221.791 -0.3974146351872321
127.747705719 222.305 0.10944916376931246
129.728912264 223.043 0.8395133560603085
131.710144971 223.06 0.8477476055043383
133.69140384 220.881 -1.3408788022472038
135.672688873 220.4 -1.8323969597711596
137.654000068 220.788 -1.4558383378906967
139.635337428 221.444 -0.8122347857743648
141.616700952 221.705 -0.5646185309346947
143.598090641 221.813 -0.47102217931350765
145.579506496 221.952 -0.34747871532036356
147.560948517 221.965 -0.351021501874186
149.542416704 221.569 -0.7646842804592211
151.523911059 222.739 0.3864988288055997
153.505431581 222.931 0.5584933271627222
155.486978271 221.639 -0.7547356628797672
157.46855113 220.414 -2.002223397580792
159.450150158 223.105 0.664994487996097
161.431775355 221.712 -0.753118020076812
163.413426723 222.986 0.4944026853313801
165.395104262 220.36 -2.159480167588953
167.376807972 222.24 -0.3088037296611219
169.358537853 223.365 0.7853944692280947
171.340293907 222.713 0.10107652004541023
173.322076134 223.276 0.630204134623142
175.303884534 223.916 1.2347386455805918
177.285719108 222.873 0.15464100625518995
179.267579856 221.804 -0.9531282093115578
181.249466779 222.755 -0.04260880646157261
183.231379877 224.276 1.4361590300692342
185.213319151 223.424 0.5401347360600539
187.195284602 224.241 1.3112773677743803
189.17727623 225.698 2.7205456019345604
191.159294035 224.907 1.8798977356510989
193.141338018 222.659 -0.4197083136537003
195.12340818 222.843 -0.28931500827309264
197.10550452 224.349 1.1610348097913175
199.08762704 223.213 -0.03270208135822372
201.069775741 222.797 -0.5085692834583995
203.051950622 223.231 -0.13661077809788935
205.034151683 224.067 0.6351290731450945
207.016378927 224.241 0.7426055285791051
208.998632352 225.746 2.178773466614416
210.980911961 223.483 -0.15541261462263378
212.963217752 224.534 0.822001403007846
214.945549727 224.081 0.2929692572890019
216.927907886 222.448 -1.418555694186125
218.91029223 224.988 1.0403795258234823
220.89270276 225.179 1.1477275141931784
222.875139475 223.853 -0.26455951252901855
224.857602376 222.257 -1.949529718341239
226.840091464 225.162 0.8637683522426585
228.82260674 225.032 0.6392857741430475
230.805148203 221.653 -2.8370267582361635
232.787715854 223.981 -0.6092189312479661
234.770309695 224.857 0.16365918798592816
236.752929725 224.156 -0.6434428482656074
238.735575945 224.155 -0.7535758686494773
240.718248355 224.733 -0.28779108262133946
