vel Tant_raw Tant_corr
-166.880470447 233.656 0.5477038768756302
-164.903338822 230.914 -2.06060986286559
-162.926181116 232.827 -0.02204692347916648
-160.948997329 232.577 -0.15441813337332633
-158.971787459 231.494 -1.1275360797542646
-156.994551506 231.793 -0.7262151090969837
-155.017289471 232.678 0.25372867270601773
-153.040001351 232.45 0.11347740034216258
-151.062687147 231.886 -0.3697885515383348
-149.085346858 232.621 0.43910943172880934
-147.107980484 233.968 1.853348204457177
-145.130588024 232.622 0.5681028604515745
-143.153169477 234.362 2.3625467327322554
-141.175724844 232.143 0.19185139325679756
-139.198254123 230.744 -1.164813347183724
-137.220757314 231.234 -0.6382794393275049
-135.243234417 232.051 0.2096194043822095
-133.265685431 232.579 0.7630477095752326
-131.288110355 232.427 0.6311682396982121
-129.310509189 233.819 2.0381419957757885
-127.332881933 231.741 -0.029871783806441954
-125.355228585 230.503 -1.2627156235328698
-123.377549147 230.789 -0.9762338110092514
-121.399843616 232.031 0.2617276028212814
-119.422111992 231.731 -0.04667919656881736
-117.444354276 230.88 -0.9103037875062796
-115.466570465 231.865 0.05800248761175908
-113.488760561 232.224 0.3963865221466847
-111.510924562 232.498 0.6459934449142963
-109.533062468 231.238 -0.6420333799963771
-107.555174278 232.136 0.2244476465112939
-105.577259991 233.005 1.058576358317822
-103.599319609 231.503 -0.4815091760856376
-101.621353129 232.006 -0.01967265398027962
-99.6433605507 231.652 -0.41777953851433836
-97.6653418746 232.368 0.25130294103757933
-95.6872970997 230.077 -2.08929421101368
-93.7092262255 232.398 0.17955824303859913
-91.7311292514 232.476 0.20298777404951807
-89.7530061771 231.979 -0.35087991420019193
-87.7748570018 233.814 1.425079114739475
-85.7966817252 232.965 0.5149870297826737
-83.8184803468 232.963 0.4499642320536168
-81.8402528658 232.103 -0.47487064535147283
-79.861999282 232.939 0.29459926243086443
-77.8837195948 231.477 -1.2355109482347189
-75.9054138036 232.987 0.2049120502960875
-73.9270819079 232.037 -0.8160201832829728
-71.9487239072 232.393 -0.53219785946618
-69.970339801 232.81 -0.18851295816972424
-67.9919295888 232.637 -0.43585922896596685
-66.0134932701 233.097 -0.05113219131737878
-64.0350308443 232.079 -1.145229134814656
-62.056542311 234.99 1.6889508806008564
-60.0780276695 232.959 -0.4194929756165209
-58.0994869195 233.143 -0.31346330482361395
-56.1209200603 233.108 -0.42686447945388295
-54.1423270915 233.628 0.014397356775845083
-52.1637080125 234.103 0.41041428861137774
-50.1850628228 234.801 1.0292766290386623
-48.206391522 241.538 7.687072919049825
-46.2276941095 239.077 5.146889927396501
-44.2489705847 238.089 4.0798126503637775
-42.2702209472 240.794 6.70592431154364
-40.2914451964 242.174 8.007306361584654
-38.3126433319 245.695 11.45003847797355
-36.3338153531 248.575 14.252198564784806
-34.3549612595 250.437 16.036862752458205
-32.3760810505 254.837 20.36010539755634
-30.3971747257 257.84 23.286999082541968
-28.4182422846 259.546 24.917614615531676
-26.4392837265 260.353 25.650021030057644
-24.4602990511 261.04 26.26328558485588
-22.4812882577 261.089 26.23947376360141
-20.502251346 264.706 29.784649274703497
-18.5231883153 261.707 26.714874051041505
-16.5440991651 262.486 27.424208249752326
-14.564983895 265.561 30.430710251991655
-12.5858425043 271.317 36.119436662685615
-10.6066749927 282.055 46.79144231031981
-8.62748135949 290.73 55.40178024667739
-6.64826160422 293.473 58.08150174662663
-4.66901572646 293.264 57.810656307877906
-2.68974372559 293.606 58.092291650742396
-0.710445601068 295.773 60.20045371790593
1.26887864748 296.4 60.77018667419608
3.24822902071 298.78 63.09453290633459
5.22760551906 299.292 63.55253302271663
7.20700814311 297.537 61.74522585316575
9.18643689336 293.718 57.875648448705164
11.1658917703 293.478 57.5868360813204
13.1453727744 290.546 54.60782224372497
15.1248799063 286.181 50.19763864912056
17.1044131664 281.48 45.45331523097181
19.0839725553 278.702 42.63388014276083
21.0635580735 277.47 41.362359757759236
23.0431697215 272.011 35.865778668790284
25.0228074998 270.519 34.338159687994164
27.002471409 266.876 30.66152384659074
28.9821614495 264.019 27.77289039464992
30.9618776219 261.042 24.766276800849113
32.9416199267 260.511 24.207698752243687
34.9213883643 257.276 20.94717015403043
36.9011829355 255.045 18.69270312930675
38.8810036406 256.075 19.70130801884639
40.86085048 251.972 15.57899338085582
42.8407234546 251.959 15.548765990736342
44.8206225645 249.47 13.044630840860549
46.8005478106 248.856 12.417591140322855
48.7804991932 245.494 9.044648314715516
50.7604767127 245.307 8.848802005886995
52.7404803699 241.634 5.169050071706408
54.7205101651 240.031 3.5613885858315086
56.700566099 241.495 5.022811837470016
58.680648172 239.164 2.6913123311458946
60.6607563846 238.164 1.6928807864628084
62.6408907374 238.988 2.5205061378689493
64.6210512308 239.034 2.5721755344209782
66.6012378655 237.88 1.425874339549523
68.5814506418 236.825 0.3805861308213139
70.5616895603 237.268 0.8352926997058603
72.5419546217 237.899 1.4799740513398945
74.5222458262 236.936 0.5326084042869752
76.5025631746 236.422 0.036172190309542884
78.4829066673 236.519 0.15264005412592496
80.4632763047 236.81 0.4649848531769294
82.4436720875 237.29 0.9681776573936816
84.4240940161 236.093 -0.2038122510444964
86.4045420911 234.656 -1.6140173779406268
88.385016313 237.396 1.1545279826806336
90.3655166823 235.215 -0.9962122516617455
92.3460431995 235.728 -0.4512759521413159
94.3265958652 234.594 -1.5517027788581856
96.3071746798 234.251 -1.8595341810801642
98.2877796439 234.977 -1.0968133974720047
100.268410758 237.175 1.1394145436635483
102.249068023 235.109 -0.8868971758406587
104.229751438 235.147 -0.8077971642972273
106.210461005 238.692 2.7796641796960273
108.191196725 235.782 -0.08656533305810399
110.171958596 235.661 -0.16253968264157947
112.152746621 234.974 -0.803314640077474
114.1335608 238.206 2.4760522322550855
116.114401132 234.364 -1.3174984195745196
118.09526762 235.945 0.3129722588390962
120.076160262 236.972 1.390401329779678
122.05707906 236.423 0.8927240633964004
124.038024015 235.088 -0.3901260626560088
126.018995126 235.737 0.311782636516881
127.999992394 234.996 -0.3756199470815318
129.98101582 237.784 2.4665942853729916
131.962065405 236.131 0.8683516392892159
133.943141148 234.856 -0.35142337363251386
135.924243051 235.677 0.5251919645023975
137.905371113 235.464 0.3681185773790787
139.886525336 236.051 1.0112755944049354
141.867705719 235.386 0.402580350303964
143.848912264 234.84 -0.08705161494978597
145.830144971 234.067 -0.8037065565109742
147.81140384 235.354 0.5395274751574561
149.792688873 233.826 -0.932439365895732
151.774000068 234.172 -0.5306987215164725
153.755337428 234.005 -0.6423440294280454
155.736700952 234.777 0.1845294762788967
157.718090641 234.578 0.03982476507806609
159.699506496 233.354 -1.1305569902858963
161.680948517 234.92 0.4882835859392003
163.662416704 234.132 -0.24775592769555033
165.643911059 234.254 -0.07477975002598214
167.625431581 233.138 -1.1408938976413765
169.606978271 234.017 -0.2132061849916056
171.58855113 232.948 -1.234826224676965
173.570150158 234.904 0.7671345722916669
175.551775355 233.071 -1.0214370037182334
177.533426723 233.475 -0.5746559611553153
179.515104262 233.627 -0.38163910761099373
181.496807972 234.958 0.9884949499908089
183.478537853 233.908 -0.02437419484292036
185.460293907 233.903 0.005631251623213984
187.442076134 231.777 -2.08761271695937
189.423884534 233.626 -0.20823190721924334
191.405719108 233.867 0.06064607371138209
193.387579856 233.018 -0.7631081820707379
195.369466779 234.89 1.131374116550603
197.351379877 234.195 0.45595995944896117
199.333319151 235.367 1.64451453504023
201.315284602 233.802 0.0929012300319414
203.29727623 233.152 -0.5470183708186767
205.279294035 233.819 0.1266155150690622
207.261338018 234.622 0.9326608678629498
209.24340818 234.044 0.353973865072561
211.22550452 234.177 0.4824088813182925
213.20762704 233.727 0.023818488087471223
215.189775741 234.426 0.7100534534957603
217.171950622 234.001 0.2679627420697841
219.154151683 233.157 -0.5976064855040875
221.136378927 234.056 0.27519112734336204
223.118632352 234.495 0.6831991329252673
225.100911961 235.004 1.1562592789285304
227.083217752 232.839 -1.0497884916669307
229.065549727 233.482 -0.45310604098284557
231.047907886 234.134 0.14714296363138146
233.03029223 232.777 -1.2672069507025583
235.01270276 233.968 -0.13932306261077088
236.995139475 233.485 -0.6913744566321895
238.977602376 233.738 -0.5135320235836787
240.960091464 233.754 -0.5789684607428569
242.94260674 233.797 -0.6238582720864372
244.925148203 233.524 -0.991377768429544
246.907715854 234.921 0.3042949321593369
248.890309695 236.064 1.3389799041427466
250.872929725 235.952 1.1114954144981084
252.855575945 234.061 -0.9023420777846525
254.838248355 236.183 1.0892820782252954
