vel Tant_raw Tant_corr
-250.840470447 153.142 -0.8173704573329132
-248.863338822 153.937 -0.03141220927153654
-246.886181116 154.961 0.9808830481258042
-244.908997329 154.236 0.24155440081699453
-242.931787459 154.793 0.7816407108426233
-240.954551506 154.629 0.5981806163251235
-238.977289471 154.228 0.1752125314403088
-237.000001351 155.259 1.1817746463287335
-235.022687147 154.674 0.5699049271549939
-233.045346858 153.758 -0.3753588839901454
-231.067980484 154.193 0.028020730918285608
-229.090588024 154.11 -0.08891893421989039
-227.113169477 153.944 -0.29114080964683353
-225.135724844 154.009 -0.26460804973606855
-223.158254123 153.408 -0.9062840331169184
-221.180757314 153.379 -0.9781323626098128
-219.203234417 153.451 -0.9511168652915671
-217.225685431 153.495 -0.9542015925495662
-215.248110355 152.481 -2.0173508200915933
-213.270509189 154.198 -0.3515290479489295
-211.292881933 154.358 -0.24470100052866428
-209.315228585 154.576 -0.08183162670016486
-207.337549147 155.03 0.3151139003414585
-205.359843616 154.878 0.10417018279201784
-203.382111992 154.505 -0.32962840156540096
-201.404354276 154.393 -0.5042476994403842
-199.426570465 155.295 0.33334621777430584
-197.448760561 155.411 0.3831870542601621
-195.470924562 155.855 0.759308289452207
-193.493062468 155.614 0.4487431782055751
-191.515174278 155.784 0.5475247506648202
-189.537259991 155.142 -0.16731418773261453
-187.559319609 155.588 0.20425894382771048
-185.581353129 155.643 0.18327650120883732
-183.603360551 155.246 -0.2912293844102578
-181.625341875 156.364 0.7477731933259122
-179.6472971 155.997 0.3003159158787412
-177.669226225 155.536 -0.24256976017659326
-175.691129251 155.086 -0.7758526030956432
-173.713006177 156.063 0.11649839383954941
-171.734857002 156.724 0.691514012371556
-169.756681725 155.931 -0.18877519076235671
-167.778480347 156.509 0.3006611162300601
-165.800252866 156.625 0.3268530399442966
-163.821999282 156.881 0.4918304619710909
-161.843719595 156.429 -0.05237696122097191
-159.865413804 156.695 0.12026020163725093
-157.887081908 156.155 -0.5142288433694091
-155.908723907 156.625 -0.13981511532162472
-153.930339801 157.877 1.015530141458271
-151.951929589 157.145 0.1858354573265899
-149.97349327 156.93 -0.12787086266399683
-147.995030844 156.968 -0.18956073874360868
-146.016542311 157.896 0.6377936834962554
-144.038027669 157.381 0.02122003296963726
-142.059486919 157.269 -0.19325428667826827
-140.08092006 157.384 -0.1816020973564889
-138.102327091 157.561 -0.10879644645680742
-136.123708012 158.906 1.1311893931695352
-134.145062823 158.585 0.7043819231304269
-132.166391522 158.218 0.23080741935478954
-130.187694109 158.022 -0.07250806772339047
-128.208970585 157.936 -0.2665387132460353
-126.230220947 158.724 0.412741081765148
-124.251445196 158.351 -0.06964330918432893
-122.272643332 158.232 -0.29866673836400537
-120.293815353 159.144 0.5026957160939389
-118.314961259 158.606 -0.14653124961279218
-116.33608105 158.449 -0.4153231650967655
-114.357174726 158.569 -0.40765578581113004
-112.378242285 159.344 0.25449490680662734
-110.399283727 159.053 -0.14984729446874212
-108.420299051 159.079 -0.2376588228501646
-106.441288258 159.769 0.33808366260396383
-104.462251346 159.946 0.40040327667182396
-102.483188315 159.503 -0.15767709177370648
-100.504099165 159.582 -0.19413477990980255
-98.524983895 159.923 0.031052648947593298
-96.5458425043 159.747 -0.26109259461057377
-94.5666749927 160.825 0.7004514738955834
-92.5874813595 160.051 -0.19029338725363232
-90.6082616042 160.198 -0.16030564596658792
-88.6290157265 160.457 -0.01856399637003392
-86.6497437256 161.278 0.6849526411193949
-84.6704456011 160.732 0.021265119818622225
-82.6911213525 159.937 -0.8916059332816815
-80.7117709793 160.656 -0.29064011754095986
-78.7323944809 161.863 0.7981827412952498
-76.7529918569 161.012 -0.1711174089168992
-74.7735631066 160.599 -0.7025208467792368
-72.7941082297 161.535 0.11499192266015257
-70.8146272256 161.432 -0.10655983216494747
-68.8351200937 161.448 -0.20915706935076628
-66.8555868336 160.976 -0.7997809735418286
-64.8760274447 161.78 -0.11441295598464762
-62.8964419265 162.559 0.5459653454599902
-60.9168302785 162.54 0.4083720662812311
-58.9371925002 162.178 -0.07217488471198408
-56.957528591 161.578 -0.7906578254268481
-54.9778385505 161.893 -0.5940593004988841
-52.9981223781 162.958 0.3526379186542954
-51.0183800733 162.737 0.013450833820741082
-49.0386116357 162.252 -0.589603780035759
-47.0588170645 161.642 -1.3175093748356517
-45.0789963594 163.276 0.19875037064014123
-43.09914952 162.407 -0.7878084493157189
-41.1192765454 162.226 -1.0861699673906458
-39.1393774355 162.497 -0.9323185432050991
-37.1594521894 163.678 0.1317612365625962
-35.1795008068 163.749 0.08608455822903238
-33.1995232873 163.076 -0.7033336189657291
-31.2195196301 163.941 0.04552143709409506
-29.2394898349 163.673 -0.33833576857699654
-27.259433901 164.031 -0.09589095814871484
-25.279351828 164.337 0.09486991903585817
-23.2992436154 164.744 0.3869606864068942
-21.3191092626 166.281 1.809394940137821
-19.3389487692 166.677 2.0911860491324603
-17.3587621345 167.277 2.5773471549663043
-15.3785493582 168.986 4.172891171896595
-13.3983104397 174.285 9.358830786792026
-11.4180453783 181.191 16.152178459114282
-9.43775417381 186.204 21.052946420922552
-7.45743682541 187.503 22.24014667677872
-5.47709333275 185.531 20.15679100377966
-3.49672369532 186.133 20.64789095149132
-1.51632791253 191.262 25.66645784192343
0.464094016101 198.549 32.843502769509826
2.44454209111 205.236 39.42103660106915
4.42501631302 209.701 43.777069975778716
6.40551668228 210.905 44.872613305147496
8.38604319954 206.67 40.52967677297116
10.3665958652 200.643 34.39527033532647
12.3471746798 193.756 27.401403720519937
14.3277796439 190.018 23.557086429064242
16.3084107579 188.225 21.65832773365767
18.2890680226 186.934 20.262136679124353
20.2697514381 187.809 21.032522082442256
22.2504610053 191.118 24.237492532633837
24.2311967246 192.393 25.409056390804523
26.2119585963 193.522 26.43522179009122
28.1927466213 194.478 27.288996635596078
30.1735607998 195.486 28.1953886044235
32.1544011325 192.641 25.249405145588184
34.1352676198 188.33 20.838053480026076
36.1161602623 189.741 22.149340600538494
38.0970790605 192.133 24.442273271777452
40.0780240148 194.624 26.83485803021523
42.058995126 197.155 29.26810118408949
44.0399923943 198.927 30.94300881342261
46.0210158204 200.951 32.87058676993709
48.0020654049 202.031 33.85484067705522
49.9831411481 202.417 34.145775929878226
51.9642430506 201.68 33.3143976951271
53.945371113 199.912 31.452710911127156
55.9265253356 197.515 28.962720287791683
57.9077057192 194.083 25.43843030655438
59.8889122641 189.719 20.98284522038577
61.8701449711 185.121 16.293969053716722
63.8514038403 181.882 12.964805602463343
65.8326888726 178.919 9.912358433928205
67.8140000683 177.194 8.098630886833831
69.795337428 175.158 5.974626071251919
71.7767009522 175.006 5.735346868590852
73.7580906414 172.935 3.5777959315612122
75.7395064961 171.364 1.920975684145418
77.7209485169 170.96 1.4318883215633775
79.7024167042 170.59 0.9775358102549774
81.6839110587 171.45 1.75391988782863
83.6654315808 170.546 0.7670420630565786
85.6469782709 170.668 0.8069036158316294
87.6285511298 169.993 0.05050559712057634
89.6101501578 169.963 -0.06015117102867862
91.5917753555 169.874 -0.22906609555059276
93.5734267233 170.033 -0.14923881237169212
95.5551042619 169.351 -0.9096691864608886
97.5368079718 170.724 0.385642688160317
99.5185378533 169.976 -0.4393035116127919
101.500293907 169.961 -0.530508338017853
103.482076134 169.813 -0.7539725724628852
105.463884534 170.531 -0.11069722548398886
107.445719108 170.826 0.11031646312108023
109.427579856 169.682 -1.106932975650011
111.409466779 170.463 -0.3984472401093342
113.391379877 170.419 -0.5142282578349295
115.373319151 171.374 0.36972181422561334
117.355284602 169.895 -1.1795994102377279
119.33727623 170.815 -0.32919454689314875
121.319294035 170.89 -0.3230664408333155
123.301338018 172.282 1.00078183335998
125.28340818 171.321 -0.02765302837903505
127.26550452 170.88 -0.5353745595629391
129.24762704 171.074 -0.4073865233510787
131.229775741 171.783 0.23630708755672458
133.211950622 171.401 -0.21029794907940413
135.194151683 171.986 0.3107939148303842
137.176378927 171.922 0.18357799761389515
139.158632352 171.627 -0.1739506119373857
141.140911961 172.198 0.3352029450824716
143.123217752 171.778 -0.14596670202095652
145.105549727 171.838 -0.14646515385436487
147.087907886 171.087 -0.9572982407804602
149.07029223 172.056 -0.047472023040313616
151.05270276 171.999 -0.16299279075306572
153.035139475 172.494 0.2741329361120961
155.017602376 172.944 0.6668984075873539
157.000091464 172.365 0.03129664373602736
158.98260674 172.863 0.47332043462211004
160.965148203 172.279 -0.16603765966445394
162.947715854 172.058 -0.44178530915107217
164.930309695 173.095 0.541069586017386
166.912929725 172.129 -0.4784811043429045
168.895575945 173.181 0.5205542593776897
170.878248355 173.139 0.42616708663356917
