vel Tant_raw Tant_corr
-242.490470447 158.202 -0.3600060159291161
-240.513338822 157.719 -0.8021861880225458
-238.536181116 157.678 -0.8074565162521878
-236.558997329 157.981 -0.47372087863578827
-234.581787459 158.672 0.2431160608170444
-232.604551506 158.418 0.010148851938282633
-230.627289471 158.834 0.4424712583287942
-228.650001351 158.779 0.3991762572893549
-226.672687147 159.071 0.6983560396502071
-224.695346858 158.96 0.5901020097142009
-222.717980484 158.399 0.027504785135732845
-220.740588024 158.203 -0.17434580318064263
-218.763169477 158.084 -0.30336071118912855
-216.785724844 157.623 -0.7784516817903011
-214.808254123 158.1 -0.31953124496601504
-212.830757314 157.814 -0.62751271785325
-210.853234417 158.127 -0.34031020485656427
-208.875685431 158.607 0.11016140223142656
-206.898110355 158.599 0.06898642413415246
-204.920509189 158.695 0.1282483940063628
-202.942881933 158.426 -0.1809699426826228
-200.965228585 158.382 -0.26858662829903324
-198.987549147 159.086 0.38847950698126965
-197.009843616 158.761 0.013308844865974834
-195.032111992 159.084 0.28298097902339236
-193.054354276 158.451 -0.40642528505634345
-191.076570465 159.605 0.6881680696875208
-189.098760561 160.171 1.191838272042446
-187.120924562 159.273 0.2286617621516598
-185.143062468 158.797 -0.31528580840861764
-183.165174278 159.276 0.09307042317124115
-181.187259991 160.346 1.0898045308606186
-179.209319609 159.483 0.15098979980152194
-177.231353129 159.663 0.2526987259009843
-175.253360551 160.092 0.601003016026965
-173.275341875 159.995 0.4209735877944354
-171.2972971 160.445 0.7856805694171101
-169.319226225 160.6 0.8531932996419869
-167.341129251 159.859 0.022580327736619665
-165.363006177 159.667 -0.26109058679239183
-163.384857002 160.131 0.10924752578125663
-161.406681725 160.611 0.49366084529927434
-159.428480347 160.67 0.45521476171370523
-157.450252866 160.895 0.5809738747384188
-155.471999282 160.871 0.45600199398839436
-153.493719595 159.407 -1.1106378612206527
-151.515413804 161.343 0.7211165379698912
-149.537081908 160.806 0.07832662990674066
-147.558723907 160.069 -0.7659469376253298
-145.580339801 161.021 0.07735569244053409
-143.601929589 161.468 0.4142935862922741
-141.62349327 160.683 -0.4820749808125129
-139.645030844 160.996 -0.281692524593808
-137.666542311 161.595 0.20349764809137127
-135.688027669 161.035 -0.4714485609726182
-133.709486919 161.397 -0.22547604117568198
-131.73092006 162.498 0.758469526524209
-129.752327091 161.848 -0.009558330389154435
-127.773708012 162.3 0.32349312396550545
-125.795062823 162.055 -0.04132416629619229
-123.816391522 161.909 -0.30795904905170346
-121.837694109 162.299 -0.03936116403380652
-119.858970585 162.037 -0.42348094299370587
-117.880220947 162.816 0.23273038988486405
-115.901445196 162.149 -0.5576791816256161
-113.922643332 162.05 -0.780662466208895
-111.943815353 162.6 -0.3551730651746823
-109.964961259 162.259 -0.8211653723126062
-107.98608105 162.648 -0.5575945741217083
-106.007174726 163.159 -0.17241664991536254
-104.028242285 163.728 0.2704116279460038
-102.049283727 163.552 -0.032067305795578704
-100.070299051 163.178 -0.5328118095911236
-98.0912882577 163.614 -0.22378103501711166
-96.112251346 163.315 -0.6499349271043968
-94.1331883153 164.081 -0.01123422429603238
-92.1540991651 163.508 -0.7116404585776479
-90.174983895 164.237 -0.11011595558250065
-88.1958425043 164.443 -0.031623834722012134
-86.2166749927 164.588 -0.014128009245837347
-84.2374813595 163.574 -1.155593186398164
-82.2582616042 163.986 -0.8709848674842533
-80.2790157265 164.607 -0.37726934797521494
-78.2997437256 165.676 0.564586282341736
-76.3204456011 165.878 0.6396141393163077
-74.3411213525 165.173 -0.19215445570210932
-72.3617709793 165.067 -0.42468897596305055
-70.3823944809 165.325 -0.2929596894263682
-68.4029918569 165.033 -0.7109376588481666
-66.4235631066 165.499 -0.37059474191769937
-64.4441082297 165.123 -0.8719035913179596
-62.4646272256 165.985 -0.1348376548751844
-60.4851200937 165.916 -0.32837117564497476
-58.5055868336 165.95 -0.41847919200463934
-56.5260274447 166.001 -0.49113753778362934
-54.5464419265 167.196 0.5806771576501433
-52.5668302785 166.846 0.10798746927903835
-50.5871925002 166.452 -0.4081848236696146
-48.607528591 167.586 0.6041812621653548
-46.6278385505 167.952 0.8491059141920232
-44.6481223781 168.341 1.1176085237358677
-42.6683800733 168.278 0.9347076859527021
-40.6886116357 169.333 1.8704211997236655
-38.7088170645 170.056 2.4747660675197096
-36.7289963594 171.039 3.339758495350509
-34.74914952 172.113 4.296413892623264
-32.7692765454 174.212 6.278746872013727
-30.7893774355 176.44 8.390771249437961
-28.8094521894 178.365 10.200500043852799
-26.8295008068 180.95 12.670945477232607
-24.8495232873 186.529 18.136118974423027
-22.8695196301 190.296 21.79003116301857
-20.8894898349 197.197 28.57869187330911
-18.909433901 204.334 35.604110138122934
-16.929351828 213.1 44.25929419276139
-14.9492436154 222.582 53.63125147487065
-12.9691092626 233.887 64.82698862433676
-10.9889487692 240.388 71.21951148319661
-9.00876213455 243.177 73.900825095508
-7.0285493582 245.871 76.48793370726892
-5.04831043967 245.563 76.07384076629933
-3.06804537832 240.468 70.87354892212917
-1.08775417381 230.7 61.001060025917326
0.892563174591 220.119 50.316375130309524
2.87290666725 208.579 38.6734944893729
4.85327630468 197.58 27.572417558463485
6.83367208747 188.545 18.436142994124737
8.8140940161 181.786 11.57666865399159
10.7945420911 177.883 7.573991596676677
12.775016313 176.422 6.014108081667473
14.7555166823 173.232 2.7260135692224026
16.7360431995 172.505 1.9017027202636712
18.7165958652 171.907 1.2071693962670054
20.6971746798 171.602 0.8064066591706194
22.6777796439 171.325 0.43440677125036586
24.6584107579 171.463 0.478161195033465
26.6390680226 170.879 -0.19933940683571905
28.6197514381 170.942 -0.22910517164905286
30.6004610053 170.776 -0.4871470368110522
32.5811967246 169.917 -1.4374767398831807
34.5619585963 170.951 -0.4941068187086728
36.5427466213 171.482 -0.05305061154984969
38.5235607998 171.965 0.34067774286546637
40.5044011325 169.678 -2.0349366948161673
42.4852676198 173.822 2.021090335356689
44.4661602623 174.009 2.1207422925122614
46.4470790605 171.689 -0.28599816513658993
48.4280240148 171.766 -0.29514918039834015
50.408995126 171.32 -0.8267296972300642
52.3899923943 171.182 -1.0497594607998337
54.3710158204 172.673 0.356740982360094
56.3520654049 172.362 -0.03824971572655045
58.3331411481 172.043 -0.44075370457738927
60.3142430506 172.233 -0.33379393538263
62.295371113 172.734 0.08460583890206408
64.2765253356 173.476 0.7444210634621982
66.2577057192 172.868 0.054626381485434194
68.2389122641 173.082 0.18719563409732132
70.2201449711 172.917 -0.05889813978578218
72.2014038403 173.267 0.21031729648666442
74.1826888726 172.234 -0.9031866228676222
76.1640000683 173.778 0.5605607338873995
78.145337428 172.684 -0.6134708041362273
80.1267009522 174.217 0.8396877894599015
82.1080906414 174.279 0.8220047382505697
84.0895064961 173.68 0.14344746288122678
86.0709485169 173.654 0.03798258095795859
88.0524167042 173.926 0.2305759069537885
90.0339110587 174.155 0.3801924520826958
92.0154315808 173.119 -0.7352035757823501
93.9969782709 173.356 -0.5776487722271497
95.9785511298 174.213 0.19981946358163327
97.9601501578 173.97 -0.12283707117322251
99.9417753555 174.0 -0.17265738309774292
101.923426723 173.741 -0.51168128266022
103.905104262 173.792 -0.5409493843823157
105.886807972 174.072 -0.3415031067911798
107.868537853 174.203 -0.2913846726343934
109.850293907 174.045 -0.530637109047774
111.832076134 174.205 -0.452304247498148
113.813884534 174.349 -0.39043072397060996
115.795719108 174.408 -0.4140619791159281
117.777579856 174.873 -0.03224425827391997
119.759466779 174.428 -0.5610246116628446
121.741379877 174.137 -0.9364508944015029
123.723319151 175.988 0.8294282333002343
125.705284602 175.443 0.19856330607694872
127.68727623 175.874 0.5429040533453815
129.669294035 175.133 -0.28560060084382144
131.651338018 175.5 -0.0070025379571063695
133.63340818 175.614 0.01764555495904574
135.61550452 175.825 0.13829018526337222
137.59762704 175.974 0.19587705438726744
139.579775741 175.66 -0.2106489420918365
141.561950622 176.004 0.03965628549352118
143.544151683 176.281 0.22173602065637965
145.526378927 175.669 -0.4864672594516719
147.508632352 176.657 0.40398811623987285
149.490911961 176.529 0.1770430121284221
151.473217752 176.179 -0.2733625136753801
153.455549727 176.777 0.22271079009840378
155.437907886 176.128 -0.5297986319268659
157.42029223 176.184 -0.5789531420330434
159.40270276 176.384 -0.48581590946349706
161.385139475 177.458 0.47954908958124065
163.367602376 177.92 0.8310770716213653
165.350091464 177.842 0.6407024458969488
167.33260674 177.043 -0.27264118573887686
169.315148203 176.241 -1.1910210288076257
171.297715854 177.926 0.3754949034573656
173.280309695 177.867 0.19583779005571955
175.262929725 177.064 -0.7300619976423093
177.245575945 178.935 1.015725103696525
179.228248355 178.909 0.8621278494452724
