vel Tant_raw Tant_corr
-205.360470447 208.481 0.6581703403657286
-203.383338822 208.017 0.17042152031862656
-201.406181116 208.068 0.19824910113197802
-199.428997329 209.076 1.1836496477377239
-197.451787459 209.275 1.3606197085290717
-195.474551506 209.002 1.0661558154036186
-193.497289471 208.907 0.9502544837481537
-191.520001351 207.752 -0.22508778761573467
-189.542687147 207.895 -0.10187451634917011
-187.565346858 208.05 0.03389076333857588
-185.587980484 207.338 -0.6967954992812224
-183.610588024 207.129 -0.9239368714783893
-181.633169477 208.128 0.05746306294398096
-179.655724844 207.261 -0.8265992963353881
-177.678254123 208.179 0.07487243379782171
-175.700757314 207.71 -0.4101253800647555
-173.723234417 206.039 -2.0965963878743423
-171.745685431 206.658 -1.492544256134579
-169.768110355 207.808 -0.3569726678952918
-167.790509189 207.924 -0.25488532274775366
-165.812881933 207.015 -1.1772859368347781
-163.835228585 207.77 -0.4351782428655042
-161.857549147 207.432 -0.7855659900785383
-159.879843616 207.766 -0.4634529443017641
-157.902111992 208.17 -0.0708428879034102
-155.924354276 206.824 -1.4277396198085057
-153.946570465 207.328 -0.9341469555283766
-151.968760561 208.579 0.3069312728866862
-149.990924562 208.117 -0.16450878320316065
-148.013062468 207.839 -0.45147098899781213
-146.035174278 207.436 -0.8629592262745973
-144.057259991 208.418 0.1110226066147959
-142.079319609 208.16 -0.1545294052466204
-140.101353129 208.71 0.38838080662523566
-138.123360551 209.59 1.2617492941451474
-136.145341875 209.263 0.9285720926440604
-134.1672971 209.815 1.4748452208639264
-132.189226225 209.056 0.7105646809593225
-130.211129251 209.794 1.4437264585000094
-128.233006177 209.686 1.3313265224579425
-126.254857002 210.038 1.6793608252112904
-124.276681725 210.943 2.580825302542081
-122.298480347 211.367 3.001715873637039
-120.320252866 212.527 4.15902844107714
-118.341999282 213.957 5.586758890843555
-116.363719595 214.991 6.618903092311967
-114.385413804 215.587 7.213456898249518
-112.407081908 217.718 9.343416144814483
-110.428723907 219.017 10.641776651553926
-108.450339801 218.69 10.314534221400692
-106.471929589 219.778 11.402684640671339
-104.49349327 221.099 12.724223679064721
-102.515030844 220.332 11.958147089659064
-100.536542311 222.021 13.64845060890974
-98.5580276695 221.026 12.655129956648466
-96.5794869195 222.007 13.638180836078988
-94.6009200603 222.097 13.730598933776747
-92.6223270915 223.608 15.244379919685514
-90.6437080125 224.386 16.02551944711604
-88.6650628228 224.151 15.79401315274336
-86.686391522 223.303 14.949856656604481
-84.7076941095 226.957 18.608045562097033
-82.7289705847 228.99 20.645575455976513
-80.7502209472 229.703 21.363441908353735
-78.7714451964 234.957 26.622640472693575
-76.7926433319 238.289 29.960166685811856
-74.8138153531 242.065 33.74201606787409
-72.8349612595 247.88 39.563184122392585
-70.8560810505 252.503 44.192666336224875
-68.8771747257 256.001 47.69745817957059
-66.8982422846 258.255 49.95855510597019
-64.9192837265 258.582 50.29295255230315
-62.9402990511 255.953 47.67164593878377
-60.9612882577 254.75 46.47663066896183
-58.982251346 252.081 43.81590212971736
-57.0031883153 249.964 41.707455691261714
-55.0240991651 249.59 41.342286707132814
-53.044983895 248.896 40.65739051419354
-51.0658425043 245.852 37.622762432631276
-49.0866749927 243.353 35.13339776595237
-47.1074813595 241.575 33.365291800983925
-45.1282616042 238.943 30.74343980786881
-43.1490157265 235.62 27.43083704006301
-41.1697437256 230.505 22.32647873433757
-39.1904456011 225.856 17.68836011077147
-37.2111213525 224.258 16.101476372752018
-35.2317709793 223.843 15.697822706972289
-33.2523944809 224.61 16.4763942834295
-31.2729918569 226.688 18.566186255420945
-29.2935631066 229.896 21.78619375954503
-27.3141082297 234.241 26.143411915694656
-25.3346272256 241.835 33.749835827059314
-23.3551200937 250.886 42.813460580121216
-21.3755868336 257.912 49.852281244651806
-19.3960274447 260.744 52.69729287371209
-17.4164419265 258.617 50.583490503648335
-15.4368302785 255.997 47.97686915409096
-13.4571925002 257.509 49.502423827952015
-11.477528591 254.567 46.5741495114238
-9.4978385505 253.181 45.202041173974635
-7.51812237813 246.087 38.122093768349146
-5.53838007332 238.413 30.462302230565058
-3.55861163566 226.657 18.72066147990978
-1.57881706451 218.908 10.986166418940911
0.40100364056 213.829 5.9218119334811945
2.38085048005 210.739 2.8465928926179913
4.3607234546 208.838 0.9605041487018866
6.34062256455 208.446 0.583540537341122
8.32054781062 208.027 0.17969687740458085
10.3004991932 208.119 0.2869679710141497
12.2804767127 207.288 -0.5286513964547908
14.2604803699 207.396 -0.40516645637273996
16.2405101651 207.171 -0.61458245686498
18.220566099 206.909 -0.8609046628067745
20.200648172 207.504 -0.25013835583121136
22.1807563846 207.384 -0.3542888343280879
24.1608907374 207.665 -0.05736141344607404
26.1410512308 208.585 0.8786385749025385
28.1212378655 207.692 0.0017057820437855753
30.1014506418 207.909 0.2348348425342408
32.0816895603 208.117 0.4590203741643677
34.0619546217 207.957 0.31525697795484575
36.0422458262 207.389 -0.23646076185056586
38.0225631746 207.738 0.12886172222164305
40.0029066673 211.429 0.0
41.9832763047 208.366 0.7896055479921529
43.9636720875 207.29 -0.26998405926133273
45.9440940161 207.228 -0.3155553405474052
47.9245420911 207.462 -0.06511381230211555
49.905016313 207.643 0.13233499224963907
51.8855166823 206.294 -1.2002144769074903
53.8660431995 207.282 -0.19576778658137073
55.8465958652 207.122 -0.3393305203736645
57.8271746798 206.721 -0.7239082786847462
59.8077796439 206.341 -1.0875066787122307
61.7884107579 206.802 -0.6101313544568825
63.7690680226 206.24 -1.1557879567194504
65.7497514381 207.41 0.03051784688776138
67.7304610053 206.389 -0.9742196280487576
69.7111967246 206.356 -0.9910060827566838
71.6919585963 207.336 0.005152764723248993
73.6727466213 208.256 0.0
75.6535607998 210.337 0.0
77.6344011325 213.85 0.0
79.6152676198 211.857 0.0
81.5961602623 211.662 0.0
83.5770790605 208.537 0.0
85.5580240148 206.936 -0.2837506884592358
87.538995126 206.029 -1.1752372910548274
89.5199923943 206.605 -0.5838308107243506
91.5010158204 208.16 0.0
93.4820654049 207.167 0.008637836756605566
95.4631411481 208.049 0.0
97.4442430506 207.168 0.03960796167967828
99.425371113 207.007 -0.10660877433815585
101.406525336 206.396 -0.7029679977060823
103.387705719 207.887 0.8025243042351917
105.368912264 207.257 0.18686212731438445
107.350144971 208.058 1.0020394504938963
109.33140384 208.017 0.9750502358824917
111.312688873 207.834 0.8058884287468118
113.294000068 207.104 0.08954795746737432
115.275337428 207.487 0.4860227335989009
117.256700952 206.029 -0.9586933481940889
119.238090641 206.69 -0.2846064100982346
121.219506496 207.469 0.5072774088326355
123.200948517 206.933 -0.016048047331167936
125.182416704 207.127 0.1904110486095476
127.163911059 206.778 -0.1463514930073302
129.145431581 207.59 0.677658121261743
131.126978271 207.863 0.9624336679946168
133.10855113 206.818 -0.07103109311123035
135.090150158 207.496 0.6182575807534079
137.071775355 207.328 0.4612934155133246
139.053426723 206.43 -0.4259298797824158
141.035104262 206.67 -0.17541861298511208
143.016807972 207.173 0.33782089116317593
144.998537853 206.115 -0.710217708972948
146.980293907 206.783 -0.032540771914426614
148.962076134 206.421 -0.38515467309014184
150.943884534 207.615 0.8179341951712047
152.925719108 206.665 -0.12328057635656364
154.907579856 206.61 -0.16980541380846148
156.889466779 206.475 -0.29664676022187564
158.871379877 206.744 -0.01981107554695427
160.853319151 206.811 0.05469516335901403
162.835284602 205.864 -0.8851345372746948
164.81727623 207.475 0.7326933118621071
166.799294035 206.844 0.10817218316239519
168.781338018 206.678 -0.051704467897309314
170.76340818 207.045 0.32105679723713365
172.74550452 206.477 -0.24155059980984106
174.72762704 206.395 -0.31853325433183954
176.709775741 206.8 0.09110222144559543
178.691950622 207.729 1.0243491983616764
180.674151683 206.11 -0.5907989696743812
182.656378927 206.472 -0.2253489456831801
184.638632352 206.503 -0.1913074096320031
186.620911961 206.502 -0.18968105841935312
188.603217752 205.591 -1.0984766058929267
190.585549727 206.395 -0.2927007828389492
192.567907886 206.013 -0.6733603369923173
194.55029223 207.042 0.35653796696445283
196.53270276 207.14 0.45498734739774704
198.515139475 206.16 -0.5250189942790087
200.497602376 206.656 -0.029487873606768744
202.480091464 207.162 0.4755738769158029
204.46260674 207.173 0.48515940783022415
206.445148203 206.354 -0.3357381472819725
208.427715854 206.575 -0.1171256718043594
210.410309695 206.207 -0.4880100660884352
212.392929725 206.519 -0.17939824745008082
214.375575945 207.411 0.7087028498217478
216.358248355 207.063 0.3562862744672941
