vel Tant_raw Tant_corr
-221.790470447 138.61 -0.11039315447365539
-219.813338822 138.459 -0.2624152101430184
-217.836181116 139.909 1.1832401985509193
-215.858997329 138.885 0.15164052608659517
-213.881787459 139.01 0.2658526416796292
-211.904551506 139.348 0.5899428292208881
-209.927289471 139.278 0.5029767872051423
-207.950001351 140.634 1.839019628606792
-205.972687147 139.733 0.9151358808709631
-203.995346858 138.677 -0.1666105142173535
-202.017980484 138.822 -0.050156200579579036
-200.040588024 138.145 -0.7584384079474091
-198.063169477 138.707 -0.2303949519294406
-196.085724844 138.27 -0.7039642340501473
-194.108254123 137.97 -1.043085241916998
-192.130757314 138.299 -0.7556975492086053
-190.153234417 138.348 -0.7507413157857741
-188.175685431 138.332 -0.8131572877932456
-186.198110355 139.187 -0.0068867977180104845
-184.220509189 138.711 -0.533871764440704
-182.242881933 138.966 -0.33205469333486803
-180.265228585 139.27 -0.08337867640190666
-178.287549147 139.283 -0.12778739218205715
-176.309843616 139.848 0.3777748939137098
-174.332111992 139.365 -0.16663667024727147
-172.354354276 139.089 -0.5059675236468024
-170.376570465 138.572 -1.0881636923562041
-168.398760561 140.363 0.6358282106763511
-166.420924562 140.317 0.5210609852539676
-164.443062468 139.914 0.04758684405175018
-162.465174278 139.53 -0.4085425875626072
-160.487259991 140.468 0.45572372842647724
-158.509319609 140.317 0.22943624272070906
-156.531353129 140.507 0.3426448183274715
-154.553360551 140.295 0.05239873078295432
-152.575341875 139.657 -0.6652533320364569
-150.5972971 140.374 -0.02926327003351048
-148.619226225 140.039 -0.44658357092907863
-146.641129251 140.271 -0.2981673102549678
-144.663006177 140.699 0.04503184840183394
-142.684857002 140.721 -0.018940346597361213
-140.706681725 140.019 -0.808038735020574
-138.728480347 140.807 -0.10821874475331583
-136.750252866 141.584 0.5795636079021449
-134.771999282 141.208 0.1133517183702395
-132.793719595 140.94 -0.24581160636316213
-130.815413804 140.88 -0.39788414787554416
-128.837081908 141.701 0.33017572365920955
-126.858723907 141.986 0.5214090494407344
-124.880339801 141.735 0.17585628191832825
-122.901929589 141.758 0.10355728466444702
-120.92349327 140.726 -1.0244486676561166
-118.945030844 141.729 -0.11812288931514558
-116.966542311 141.81 -0.13442728364677237
-114.988027669 141.762 -0.28032434322440736
-113.009486919 141.764 -0.37677714969237286
-111.03092006 141.8 -0.4397493740903258
-109.052327091 142.041 -0.29820527683318687
-107.073708012 143.334 0.8948902922617492
-105.095062823 142.512 -0.027428106153081444
-103.116391522 142.818 0.177873498864642
-101.137694109 144.073 1.3318284886717322
-99.1589705847 143.47 0.6274696548968564
-97.1802209472 143.622 0.6778291991929848
-95.2014451964 143.789 0.7429387333845057
-93.2226433319 144.122 0.973829279281972
-91.2438153531 145.421 2.170531268608812
-89.2649612595 145.908 2.5550745429390815
-87.2860810505 146.884 3.4284883536088273
-85.3071747257 147.324 3.765801361653729
-83.3282422846 148.169 4.508041637715337
-81.3492837265 147.925 4.1612366619579575
-79.3702990511 149.0 5.133413324021717
-77.3912882577 150.306 6.3365979229028255
-75.412251346 150.318 6.245816166917166
-73.4331883153 152.527 8.35209317358047
-71.4540991651 154.578 10.300453469561688
-69.474983895 158.155 13.77492099059927
-67.4958425043 160.967 16.484519081402624
-65.5166749927 163.258 18.673270495610126
-63.5374813595 165.073 20.38619739566957
-61.5582616042 165.644 20.855321352791094
-59.5790157265 167.078 22.187663346868987
-57.5997437256 168.982 23.990243766367428
-55.6204456011 171.715 26.622082408288748
-53.6411213525 174.156 28.96219847806941
-51.6617709793 178.182 32.88761058950706
-49.6823944809 181.661 36.26633676467719
-47.7029918569 185.766 40.27139443387023
-45.7235631066 188.301 42.70680043548799
-43.7441082297 190.901 45.2075710160008
-41.7646272256 190.329 44.53672182983394
-39.7851200937 187.125 41.23426793930469
-37.8055868336 182.69 36.70122381455394
-35.8260274447 178.802 32.715603333448
-33.8464419265 174.252 28.068419781515445
-31.8668302785 171.362 25.08168585186351
-29.8871925002 170.645 24.268413645100225
-27.907528591 171.787 25.314614669251057
-25.9278385505 172.478 25.910299839695227
-23.9481223781 174.81 28.147479479068068
-21.9683800733 176.272 29.51516331719722
-19.9886116357 178.841 31.990360491024262
-18.0088170645 179.591 32.64707954450262
-16.0289963594 180.881 33.844328428561965
-14.04914952 183.052 35.923114501001265
-12.0692765454 181.08 33.859444526392195
-10.0893774355 179.253 31.941324676061015
-8.10945218938 175.812 28.40976052793536
-6.12950080685 171.92 24.42775706653711
-4.14952328727 165.908 18.326318682850086
-2.16951963008 158.598 10.927449174265774
-0.189489834864 153.525 5.766151744507823
1.79056609902 150.988 3.1414290035370414
3.77064817204 149.888 1.9542829674909399
5.7507563846 149.41 1.3897150586002454
7.73089073741 149.608 1.5017261050943205
9.71105123078 149.0 0.8083163411536134
11.6912378655 148.708 0.4314854067930298
13.6714506418 148.721 0.3602323478283438
15.6516895603 148.674 0.22955561575682282
17.6319546217 148.716 0.18845306769242143
19.6122458262 148.621 0.010921966311457254
21.5925631746 149.109 0.4169589797281219
23.5729066673 149.268 0.49456018145764347
25.5532763047 148.87 0.015721050321275243
27.5336720875 148.314 -0.6205635296446985
29.5140940161 148.036 -0.9782992692426262
31.4945420911 147.913 -1.1804924742125706
33.475016313 148.658 -0.5141500452985781
35.4555166823 148.777 -0.47327947833127837
37.4360431995 148.514 -0.8138888643063638
39.4165958652 148.63 -0.7749868894672716
41.3971746798 148.266 -1.2155828353715776
43.3777796439 148.725 -0.8326865789855162
45.3584107579 149.549 -0.08430859274696445
47.3390680226 148.784 -0.9244599446669213
49.3197514381 148.33 -1.4531522983661205
51.3004610053 149.27 -0.5873979132108218
53.2811967246 149.272 -0.6592096443418995
55.2619585963 149.501 -0.5036009427688555
57.2427466213 150.252 0.17441414452562753
59.2235607998 150.358 0.20782097455537496
61.2044011325 151.002 0.7796043082076665
63.1852676198 159.071 0.0
65.1661602623 153.433 0.0
67.1470790605 154.355 0.0
69.1280240148 149.983 -0.5248229712343289
71.108995126 149.555 -1.0234065753381287
73.0899923943 149.835 -0.8137176331222236
75.0710158204 150.917 0.1982244413420915
77.0520654049 150.269 -0.5196003627503671
79.0331411481 150.741 -0.11721265301019912
81.0142430506 150.786 -0.14163363395346096
82.995371113 150.706 -0.2908851070695846
84.9765253356 150.738 -0.3279894708897473
86.9577057192 151.266 0.13103027890642238
88.9389122641 150.955 -0.24884945055282515
90.9201449711 151.249 -0.023652849445227275
92.9014038403 152.178 0.8365952947088715
94.8826888726 151.394 -0.01613040308473046
96.8640000683 151.799 0.320144074675909
98.845337428 151.276 -0.27160785212106475
100.826700952 152.41 0.7935866387405781
102.808090641 152.102 0.416699771702298
104.789506496 152.442 0.6877031733551462
106.770948517 151.842 0.018567872406322294
108.752416704 152.251 0.35826429956574657
110.733911059 151.938 -0.02423771260293961
112.715431581 151.407 -0.6249689295860321
114.696978271 152.765 0.6630392848260556
116.67855113 152.321 0.14875496853005643
118.660150158 153.008 0.7651455610663618
120.641775355 152.522 0.20817790350531595
122.623426723 152.066 -0.3191817617038737
124.605104262 152.658 0.20103220933111743
126.586807972 152.706 0.17678486179607944
128.568537853 152.342 -0.2599593579088264
130.550293907 152.249 -0.4262366023219215
132.532076134 151.99 -0.7590836228521596
134.513884534 153.161 0.33746223006934883
136.495719108 152.72 -0.1786369931274976
138.477579856 152.656 -0.31841984115564514
140.459466779 153.341 0.2900745379744194
142.441379877 153.707 0.5788063969522739
144.423319151 154.28 1.0737353890113468
146.405284602 154.037 0.7518205678878758
148.38727623 154.084 0.7190203877823365
150.369294035 153.445 -0.0007072967580938894
152.351338018 153.356 -0.17140523096003335
154.33340818 154.264 0.6538832401367074
156.31550452 153.959 0.26511417168498497
158.29762704 154.147 0.3682430187415662
160.279775741 153.762 -0.10277536364588968
162.261950622 153.806 -0.14598672047057448
164.244151683 154.272 0.23156260302565101
166.226378927 154.905 0.7748256611792783
168.208632352 153.514 -0.7072450918139168
170.190911961 155.069 0.7553021975692218
172.173217752 154.368 -0.03958121743994525
174.155549727 154.82 0.31705531560055533
176.137907886 155.34 0.7401618485452275
178.12029223 154.462 -0.2363121675608113
180.10270276 154.631 -0.167417882513746
182.085139475 155.172 0.2717929530729464
184.067602376 154.531 -0.4727320125122674
186.050091464 154.505 -0.6040457320598591
188.03260674 154.837 -0.3792017595183381
190.015148203 154.695 -0.6302542499626043
191.997715854 154.85 -0.5862579598893092
193.980309695 154.978 -0.5712682472480708
195.962929725 155.121 -0.5433410712920193
197.945575945 156.018 0.23646700706072465
199.928248355 156.063 0.16209882531953212
