vel Tant_raw Tant_corr
-218.230470447 134.14 -0.15185139344271192
-216.253338822 135.146 0.8312466980455042
-214.276181116 135.11 0.76971578206971
-212.298997329 134.629 0.26061392842262876
-210.321787459 135.422 1.022998672662709
-208.344551506 134.671 0.23892701610012068
-206.367289471 135.242 0.7744554257198786
-204.390001351 134.626 0.12063983401830569
-202.412687147 135.314 0.7685356390756226
-200.435346858 135.186 0.598197704376588
-198.457980484 134.27 -0.36231964120278803
-196.480588024 134.728 0.04903739649139993
-194.503169477 134.276 -0.4516779231600765
-192.525724844 134.95 0.17158712443196578
-190.548254123 134.002 -0.8291152711313714
-188.570757314 134.142 -0.7437334551823085
-186.593234417 134.276 -0.6662163081055041
-184.615685431 133.946 -1.0545132454389545
-182.638110355 134.254 -0.8065742179186373
-180.660509189 134.112 -1.0103497115176197
-178.682881933 134.783 -0.40279074754505473
-176.705228585 135.273 0.022151117216054672
-174.727549147 134.913 -0.404476209365356
-172.749843616 134.989 -0.396625355137445
-170.772111992 135.541 0.0857505165293162
-168.794354276 134.821 -0.7053022933900763
-166.816570465 136.543 0.9442619801722856
-164.838760561 136.215 0.5424885666314196
-162.860924562 135.619 -0.12857784064931366
-160.883062468 135.42 -0.4038930842087609
-158.905174278 136.101 0.1995864573288486
-156.927259991 135.538 -0.44209613077990184
-154.949319609 135.754 -0.30589829934675095
-152.971353129 135.56 -0.5807780356436183
-150.993360551 135.763 -0.4596938631538592
-149.015341875 136.447 0.14139515823836746
-147.0372971 136.53 0.14052943213428648
-145.059226225 136.549 0.07474882559017715
-143.081129251 135.531 -1.0289073308663887
-141.103006177 136.067 -0.5794002434791139
-139.124857002 136.474 -0.25969165524963955
-137.146681725 136.615 -0.20674384600829399
-135.168480347 136.277 -0.633519632395263
-133.190252866 136.466 -0.5339823681546818
-131.211999282 136.742 -0.3480959439826279
-129.233719595 137.367 0.18617521231342948
-127.255413804 136.759 -0.5131338643030574
-125.277081908 136.78 -0.5839886761235107
-123.298723907 137.095 -0.361355262718547
-121.320339801 137.458 -0.09120020105470417
-119.341929589 137.288 -0.3544906056128809
-117.36349327 137.058 -0.6781941284133381
-115.385030844 137.676 -0.15427895903860644
-113.406542311 138.387 0.46228617524806737
-111.428027669 138.007 -0.012467990664163153
-109.449486919 138.507 0.3924887404340609
-107.47092006 138.513 0.3031860277622229
-105.492327091 139.247 0.9416529925740917
-103.513708012 141.007 2.605918218135031
-101.535062823 140.062 1.5650097496029218
-99.556391522 140.345 1.751955093859607
-97.5776941095 140.325 1.6357812196581278
-95.5989705847 140.653 1.867514557367258
-93.6202209472 141.606 2.724180998982632
-91.6414451964 142.285 3.306805898026653
-89.6626433319 143.743 4.668414069496578
-87.6838153531 145.426 6.255029789773886
-85.7049612595 146.381 7.113676796567745
-83.7260810505 147.608 8.244378288833929
-81.7471747257 147.523 8.063156926718278
-79.7682422846 147.298 7.742034831470875
-77.7892837265 147.466 7.81403358536997
-75.8102990511 147.235 7.487174231679717
-73.8312882577 147.668 7.824477274540328
-71.852251346 149.676 9.736962678935413
-69.8731883153 152.58 12.545649870582082
-67.8940991651 153.826 13.696557735888632
-65.914983895 156.422 16.197704621878472
-63.9358425043 157.378 17.05910833609954
-61.9566749927 158.071 17.65778614658666
-59.9774813595 160.999 20.491754781751837
-57.9982616042 163.477 22.876030430341785
-56.0190157265 167.219 26.52462874136637
-54.0397437256 170.061 29.273564823994263
-52.0604456011 175.15 34.26985324752414
-50.0811213525 177.972 36.99950804128966
-48.1017709793 179.124 38.05954269459289
-46.1223944809 179.784 38.627970156628436
-44.1429918569 180.648 39.4008028364257
-42.1635631066 177.99 36.652052602754736
-40.1841082297 174.982 33.55373078408681
-38.2046272256 171.711 30.19284816849111
-36.2251200937 167.655 26.047415003576987
-34.2455868336 164.112 22.415440996431727
-32.2660274447 162.073 20.287935313530937
-30.2864419265 161.126 19.25290658068073
-28.3068302785 163.716 21.755362882941796
-26.3271925002 165.515 23.467311764557962
-24.347528591 170.072 27.937760228880393
-22.3678385505 175.608 33.38771473830931
-20.3881223781 175.499 33.19318121420497
-18.4083800733 175.176 32.78516503682951
-16.4286116357 172.754 30.27867104527519
-14.4488170645 171.794 29.234703537371644
-12.4689963594 171.752 29.109266269652835
-10.48914952 171.49 28.764362457259892
-8.5092765454 170.494 27.685994773853082
-6.52937743545 167.047 24.15716535159251
-4.54945218938 161.298 18.326875781009534
-2.56950080685 155.125 12.073127110978874
-0.589523287267 148.934 5.801919848618724
1.39048036992 145.776 2.5642539592317064
3.37051016514 145.089 1.7981288662361123
5.35056609902 143.398 0.028543451081901594
7.33064817204 143.917 0.46949605319275634
9.3107563846 144.36 0.8349844698917366
11.2908907374 144.138 0.5360059563149377
13.2710512308 144.167 0.4885572253650139
15.2512378655 143.67 -0.08436555238696997
17.2314506418 144.38 0.5502332512555483
19.2116895603 144.418 0.5133487220160191
21.1919546217 143.498 -0.4810245969188429
23.1722458262 143.664 -0.3888927049482902
25.1525631746 144.273 0.14673785582971277
27.1329066673 144.031 -0.16813999941592783
29.1132763047 144.536 0.2644661016641692
31.0936720875 143.697 -0.6464520114828645
33.0740940161 143.667 -0.7479030523616927
35.0545420911 143.006 -1.4798962775187476
37.035016313 144.065 -0.49144148660286646
39.0155166823 143.981 -0.6455490224407754
40.9960431995 143.611 -1.0852297711085725
42.9765958652 144.042 -0.7234951620069126
44.9571746798 144.47 -0.36435716792237827
46.9377796439 144.069 -0.8338283051128599
48.9184107579 144.199 -0.7719216333655083
50.8990680226 145.235 0.19634924391087338
52.8797514381 144.695 -0.41102982034806246
54.8604610053 144.757 -0.41607351698522166
56.8411967246 144.678 -0.5617970806495123
58.8219585963 144.068 -1.2382162898811941
60.8027466213 145.038 -0.3343474672072091
62.7835607998 145.189 -0.2492074791692005
64.7644011325 147.557 0.0
66.7452676198 159.311 0.0
68.7261602623 151.776 0.0
70.7070790605 148.488 0.0
72.6880240148 145.822 0.05793152037483651
74.668995126 145.408 -0.4206861722082351
76.6499923943 144.532 -1.3611660043896734
78.6310158204 146.471 0.5134708023831536
80.6120654049 145.451 -0.5707975180179687
82.5931411481 145.368 -0.7179932764675243
84.5742430506 146.3 0.14986067132241487
86.555371113 146.255 0.04074092474013469
88.5365253356 146.761 0.4826235382121524
90.5177057192 146.805 0.46248402110552433
92.4989122641 147.201 0.7942973376882492
94.4801449711 146.882 0.4110379070251895
96.4614038403 147.683 1.1476796029448906
98.4426888726 146.918 0.3181957539192979
100.424000068 147.389 0.7245591430469744
102.405337428 147.51 0.7807420079029441
104.386700952 147.667 0.8727160405845495
106.368090641 147.247 0.3874523875184934
108.349506496 147.498 0.5729216494409854
110.330948517 147.683 0.6920938813592272
112.312416704 147.02 -0.037061407553409254
114.293911059 147.291 0.16742474590358825
116.275431581 147.63 0.43952075905323795
118.256978271 146.793 -0.4648054968981228
120.23855113 147.179 -0.14658669686644998
122.220150158 148.391 0.9971439380726963
124.201775355 147.526 0.06335264057861423
126.183426723 147.385 -0.14699490309683938
128.165104262 147.143 -0.4589335530421863
130.146807972 147.548 -0.12449871582708738
132.128537853 147.325 -0.4187263445741678
134.110293907 147.891 0.07534706089623455
136.092076134 147.639 -0.24931554586234483
138.073884534 148.029 0.06724824193466361
140.055719108 147.92 -0.11599971580656643
142.037579856 148.55 0.43890189394375057
144.019466779 148.467 0.2799138371919412
146.001379877 147.952 -0.3120036670752029
147.983319151 148.673 0.3311090529608407
149.965284602 148.879 0.4582111219156957
151.94727623 148.363 -0.13773888282938174
153.929294035 148.968 0.38621706876196527
155.911338018 148.607 -0.0569635407324256
157.89340818 147.808 -0.939323776226189
159.87550452 149.535 0.7030927498897768
161.85762704 148.362 -0.5557581225369006
163.839775741 148.749 -0.255921101324617
165.821950622 150.179 1.0855585580183913
167.804151683 149.329 0.1456350520916203
169.786378927 149.887 0.6122620294340493
171.768632352 149.813 0.4453925908183862
173.750911961 149.609 0.1469792887180006
175.733217752 149.076 -0.4820258722968447
177.715549727 149.956 0.30032856394245755
179.697907886 149.768 0.012993505416972084
181.68029223 149.643 -0.21308068829750937
183.66270276 149.936 -0.022944206054802407
185.645139475 150.314 0.25035221489585524
187.627602376 148.935 -1.2352427113696933
189.610091464 149.969 -0.3097808194218885
191.59260674 150.227 -0.16231449254973995
193.575148203 150.169 -0.3328966627185821
195.557715854 150.498 -0.11858081086518268
197.540309695 150.994 0.2605790330789546
199.522929725 150.464 -0.38847170964808697
201.505575945 150.868 -0.10578816700265747
203.488248355 151.155 0.05757398396957569
