vel Tant_raw Tant_corr
-237.570470447 151.427 0.10928008761416663
-235.593338822 151.731 0.43136625116733285
-233.616181116 151.047 -0.23845505038323722
-231.638997329 151.231 -0.04411018204456241
-229.661787459 151.569 0.300473889662328
-227.684551506 152.029 0.763369596601791
-225.707289471 151.7 0.43364876896120563
-223.730001351 151.27 -0.0006173648352501004
-221.752687147 151.343 0.06464182179641398
-219.775346858 151.072 -0.21750364648346476
-217.797980484 150.881 -0.42298434701100973
-215.820588024 150.949 -0.372731459209632
-213.843169477 150.527 -0.8156767646667618
-211.865724844 151.337 -0.029752647187365255
-209.888254123 150.594 -0.7998920929309463
-207.910757314 151.3 -0.12402869043424403
-205.933234417 151.6 0.14290336928908687
-203.955685431 151.467 -0.02603070735028723
-201.978110355 151.987 0.4552336834156563
-200.000509189 150.852 -0.7212394573453764
-198.022881933 151.906 0.2886132686376186
-196.045228585 151.264 -0.40014534328943796
-194.067549147 151.487 -0.22645310064510227
-192.089843616 151.489 -0.27624841410832346
-190.112111992 152.049 0.2295297025947889
-188.134354276 152.538 0.6619416325711427
-186.156570465 152.75 0.8150471555346144
-184.178760561 152.113 0.11690544798656788
-182.200924562 152.0 -0.0594249171292347
-180.223062468 152.034 -0.09088597032669554
-178.245174278 152.03 -0.16242034575057573
-176.267259991 152.112 -0.14997128122595882
-174.289319609 152.466 0.13251738177200423
-172.311353129 152.023 -0.38389880224843864
-170.333360551 152.183 -0.29916488259109997
-168.355341875 152.99 0.43077348744401434
-166.3772971 152.749 0.11097005044030084
-164.399226225 152.325 -0.3935220551786358
-162.421129251 153.079 0.27834970485503163
-160.443006177 152.951 0.06663726041028895
-158.464857002 153.549 0.579391936956597
-156.486681725 153.013 -0.04333554451645227
-154.508480347 153.32 0.17550493251115995
-152.530252866 153.448 0.21396287978859618
-150.551999282 153.123 -0.20191279556485142
-148.573719595 152.965 -0.4520737912266384
-146.595413804 153.297 -0.21347240979909543
-144.617081908 153.827 0.22193844115591332
-142.638723907 153.92 0.21920524908551897
-140.660339801 154.386 0.5883738963194389
-138.681929589 153.676 -0.219510340060026
-136.70349327 153.524 -0.4704027882503965
-134.725030844 153.633 -0.46125938175839565
-132.746542311 154.906 0.7109633404712383
-130.768027669 154.037 -0.2596917661277587
-128.789486919 154.449 0.04981754843265662
-126.81092006 154.858 0.35553292835859907
-124.832327091 154.852 0.24549541209597692
-122.853708012 155.525 0.8137454323031932
-120.875062823 154.684 -0.13267718428042485
-118.896391522 154.592 -0.330733217022555
-116.917694109 155.611 0.5816159487350774
-114.938970585 155.232 0.0954083215453636
-112.960220947 155.028 -0.2163186964962449
-110.981445196 155.086 -0.2665283093983817
-109.002643332 155.076 -0.38518432762441535
-107.023815353 155.151 -0.4192511682288398
-105.044961259 156.311 0.6313061452817408
-103.06608105 155.549 -0.24047801724049123
-101.087174726 155.014 -0.885569892665103
-99.1082422846 155.651 -0.35893632479761095
-97.1292837265 155.385 -0.7355447641536159
-95.1502990511 155.795 -0.43636326828374195
-93.1712882577 156.217 -0.1253605017872701
-91.192251346 156.881 0.4274942636354524
-89.2131883153 156.271 -0.29376885094188765
-87.2340991651 156.189 -0.4871203317182733
-85.254983895 156.468 -0.3195312722514245
-83.2758425043 156.493 -0.40597337356035723
-81.2966749927 157.287 0.2765810558334181
-79.3174813595 156.875 -0.2468409002192402
-77.3382616042 157.133 -0.10021276554178371
-75.3590157265 157.314 -0.030508671712368596
-73.3797437256 157.058 -0.397703358183378
-71.4004456011 157.369 -0.19777217231140298
-69.4211213525 157.633 -0.04469106946572765
-67.4417709793 158.267 0.47856338689715017
-65.4623944809 158.516 0.6170140251473129
-63.4829918569 158.254 0.24468306541785978
-61.5035631066 159.575 1.455592119496714
-59.5241082297 159.432 1.2027621907849664
-57.5446272256 159.646 1.3072136741777172
-55.5651200937 160.93 2.481966356000328
-53.5855868336 160.641 2.0840394139388536
-51.6060274447 161.412 2.746451416937788
-49.6264419265 161.666 2.892220325135895
-47.6468302785 163.452 4.570363489780362
-45.6671925002 162.883 3.893897653146354
-43.687528591 166.082 6.985838948451004
-41.7078385505 166.626 7.4232028997893735
-39.7281223781 169.565 10.256004422032078
-37.7483800733 171.868 12.453257820761223
-35.7686116357 176.313 16.79297679218965
-33.7888170645 183.324 23.69917442305399
-31.8089963594 190.357 30.62786319058182
-29.82914952 196.865 37.03205496237925
-27.8492765454 204.424 44.48776099632954
-25.8693774355 209.887 49.847991940580755
-23.8894521894 214.461 54.31975783338149
-21.9095008068 216.427 56.18406810307317
-19.9295232873 218.405 58.0609315679732
-17.9495196301 222.296 61.85135643627902
-15.9694898349 225.187 64.64235030603362
-13.989433901 223.865 63.220920164999086
-12.009351828 222.42 61.677072390611386
-10.0292436154 219.269 58.427812749879735
-8.04910926259 216.865 55.92614639930534
-6.06894876922 212.574 51.53807788481922
-4.08876213455 202.631 41.49861114166947
-2.1085493582 194.358 33.12974949437765
-0.128310439672 185.058 23.734495656634323
1.85195462168 176.233 14.814851731217487
3.83224582619 170.422 8.909819209933602
5.81256317459 167.109 5.5033989735033515
7.79290666725 164.391 2.6925912915167487
9.77327630468 163.732 1.9413958223289285
11.7536720875 162.324 0.44181161298078564
13.7340940161 162.192 0.2188370991341344
15.7145420911 161.614 -0.44952989503028107
17.695016313 162.481 0.3277078431225675
19.6755166823 162.369 0.12654691459582068
21.6560431995 162.29 -0.041016691320123755
23.6365958652 161.64 -0.7789875971326978
25.6171746798 161.905 -0.6013710372145908
27.5977796439 162.243 -0.3501728579024075
29.5784107579 161.708 -0.9713995175595187
31.5590680226 161.871 -0.8940580866832875
33.5397514381 162.181 -0.6691562479380195
35.5204610053 162.606 -0.32870229630051995
37.5011967246 162.646 -0.3727051390849283
39.4819585963 163.013 -0.08917429604102267
41.4627466213 163.577 0.3918801005357011
43.4435607998 163.353 0.08544730577781934
45.4244011325 165.798 0.0
47.4052676198 164.065 0.6340740992258418
49.3861602623 164.123 0.6111091339376458
51.3670790605 163.998 0.4056078701565866
53.3480240148 163.886 0.21355649878745453
55.328995126 163.104 -0.6480594023675224
57.3099923943 163.197 -0.6342548686494069
59.2910158204 166.624 0.0
61.2720654049 163.687 -0.30144770435575197
63.2531411481 164.105 0.038521788952976976
65.2342430506 164.18 0.03584544242360721
67.215371113 164.067 -0.15449484635098543
69.1965253356 164.121 -0.17751779341895713
71.1777057192 163.886 -0.48924272858164386
73.1589122641 164.77 0.31831040456435744
75.1401449711 165.426 0.8981210485075337
77.1214038403 164.709 0.10516803178671807
79.1026888726 165.531 0.8514295688524385
81.0840000683 164.409 -0.34611673996028003
83.065337428 164.878 0.04750609145261819
85.0467009522 165.292 0.38627443489843927
87.0280906414 165.433 0.45216404780299513
89.0095064961 165.386 0.33015007312960165
90.9909485169 164.836 -0.29479296070581995
92.9724167042 164.027 -1.1786911399042879
94.9539110587 165.693 0.4124288346162359
96.9354315808 165.894 0.5385396471624233
98.9169782709 165.623 0.19261336717329414
100.89855113 165.419 -0.08637855088355195
102.880150158 165.679 0.09853473247122224
104.861775355 165.486 -0.1696765584013633
106.843426723 165.709 -0.022042814404443334
108.825104262 165.979 0.1724049583615681
110.806807972 166.368 0.4856351384422908
112.788537853 166.006 0.0476154889483098
114.770293907 166.096 0.06131315739702359
116.752076134 166.221 0.10969467578487979
118.733884534 166.801 0.6127259604299411
120.715719108 165.806 -0.4596276881481174
122.697579856 165.846 -0.49740158523172795
124.679466779 165.889 -0.5326316620644036
126.661379877 166.742 0.24164553414641432
128.643319151 166.864 0.2843928400693869
130.625284602 166.207 -0.45242752379303397
132.60727623 166.905 0.1651460468549999
134.589294035 166.456 -0.3649254600180427
136.571338018 166.868 -0.03468167289355506
138.55340818 166.599 -0.38616283674394936
140.53550452 166.457 -0.6114098130296384
142.51762704 167.455 0.30253592001074026
144.499775741 167.9 0.6626322674450194
146.481950622 167.575 0.25183651761187775
148.464151683 168.0 0.5901053419122775
150.446378927 168.396 0.8983947946368573
152.428632352 167.608 0.02166031323736206
154.410911961 168.277 0.6008567178024293
156.393217752 167.207 -0.5600617885754673
158.375549727 168.141 0.2818583797117924
160.357907886 167.62 -0.332429809020482
162.34029223 168.17 0.12302599603054887
164.32270276 167.834 -0.30882247188017686
166.305139475 167.74 -0.5000240970286995
168.287602376 167.949 -0.3896283814964363
170.270091464 167.606 -0.8326854451570398
172.25260674 168.858 0.3177539742423221
174.235148203 168.355 -0.28836147889597896
176.217715854 168.58 -0.16808377830591326
178.200309695 169.29 0.435534484106455
180.182929725 168.832 -0.13055990160265196
182.165575945 169.067 -0.0054207637626007
184.148248355 169.569 0.38489745099181505
