vel Tant_raw Tant_corr
-244.940470447 214.18 -0.6885902110456925
-242.963338822 214.354 -0.45435690738975154
-240.986181116 215.07 0.32049131151728716
-239.008997329 214.396 -0.296021962809931
-237.031787459 215.011 0.3751266893732179
-235.054551506 215.538 0.9569605159024093
-233.077289471 215.649 1.121502592714961
-231.100001351 215.584 1.1087758239608831
-229.122687147 214.332 -0.09219705823673507
-227.145346858 214.165 -0.20939349364260806
-225.167980484 214.888 0.562208905988939
-223.190588024 213.819 -0.4593676430585276
-221.213169477 214.387 0.15489890348777635
-219.235724844 213.153 -1.0339695821782868
-217.258254123 213.235 -0.9079513998487414
-215.280757314 214.087 -0.013025021440171258
-213.303234417 212.229 -1.8291690909688327
-211.325685431 212.385 -1.6323624245535484
-209.348110355 213.444 -0.5335840104606575
-207.370509189 214.547 0.608186990853568
-205.392881933 214.53 0.6289712467415995
-203.415228585 213.256 -0.6082107476213992
-201.437549147 213.654 -0.17433866937273024
-199.459843616 215.013 1.219607632181436
-197.482111992 212.735 -1.024351864604256
-195.504354276 213.427 -0.2991973536972523
-193.526570465 213.797 0.10309079867295168
-191.548760561 215.053 1.390532053841838
-189.570924562 213.693 0.06114570083536819
-187.593062468 213.076 -0.5260491437506687
-185.615174278 212.901 -0.6720335357256886
-183.637259991 214.616 1.071211296656486
-181.659319609 212.187 -1.3302960473661187
-179.681353129 212.874 -0.6165371409742875
-177.703360551 213.324 -0.14049372990345432
-175.725341875 214.044 0.6048522675767174
-173.7472971 213.917 0.5025187606517818
-171.769226225 212.842 -0.5484765140739967
-169.791129251 214.208 0.840884007376161
-167.813006177 213.498 0.15361771637725496
-165.834857002 216.704 3.3817418316544376
-163.856681725 212.956 -0.3447266007400174
-161.878480347 213.652 0.37222929252988024
-159.900252866 214.198 0.9386262121143716
-157.921999282 214.68 1.4404806859014343
-155.943719595 213.875 0.6548090690160677
-153.965413804 213.184 -0.017372456193442076
-151.987081908 213.279 0.09595211981130092
-150.008723907 214.002 0.8367986337271134
-148.030339801 212.907 -0.2408172506040671
-146.051929589 213.919 0.7881199577906557
-144.07349327 212.194 -0.9203744230173072
-142.095030844 212.413 -0.6852852478887712
-140.116542311 215.364 2.281402455368948
-138.138027669 212.43 -0.6372965140053566
-136.159486919 211.613 -1.439367529789024
-134.18092006 212.264 -0.7737961387591383
-132.202327091 212.568 -0.45556806073165035
-130.223708012 214.386 1.376330811408991
-128.245062823 212.212 -0.7840855883055724
-126.266391522 211.674 -1.3088034989372375
-124.287694109 213.538 0.5681906673081016
-122.308970585 213.059 0.10191032506560305
-120.330220947 212.801 -0.14363128417974735
-118.351445196 213.87 0.9375789078324601
-116.372643332 212.979 0.05855379614769163
-114.393815353 213.707 0.7983061025785787
-112.414961259 213.297 0.39984837565819475
-110.43608105 212.246 -0.6398070093709407
-108.457174726 211.065 -1.8096478505794948
-106.478242285 212.364 -0.49966211936333593
-104.499283727 211.899 -0.9538379604890963
-102.520299051 212.211 -0.6311636921001593
-100.541288258 211.86 -0.9716278057558441
-98.562251346 214.22 1.3987810335723907
-96.5831883153 211.358 -1.4529260125502788
-94.6040991651 212.59 -0.21073795602694645
-92.624983895 212.091 -0.6996439822598575
-90.6458425043 211.781 -0.999633450169739
-88.6666749927 212.837 0.06630410777773932
-86.6874813595 212.79 0.02917898555298848
-84.7082616042 211.763 -0.9879986964634497
-82.7290157265 212.692 -0.049218991503920506
-80.7497437256 214.488 1.7565278735669096
-78.7704456011 213.005 0.2832514982247005
-76.7911213525 212.719 0.0069613082647492774
-74.8117709793 213.324 0.6216665557786882
-72.8323944809 213.534 0.8413763191318537
-70.8529918569 212.135 -0.5479004970609651
-68.8735631066 213.018 0.34484483804376964
-66.8941082297 212.851 0.187620881491938
-64.9146272256 212.245 -0.4085639834876531
-62.9351200937 212.035 -0.6087015475078488
-60.9555868336 211.736 -0.8977837750471451
-58.9760274447 212.022 -0.6018028044705375
-56.9964419265 214.288 1.6742490519458215
-55.0168302785 211.518 -1.0856206920078648
-53.0371925002 211.912 -0.681404696497907
-51.057528591 212.269 -0.314095795669715
-49.0778385505 212.277 -0.2956869976723908
-47.0981223781 212.571 0.008828515320516317
-45.1183800733 211.021 -1.5305426129138198
-43.1386116357 211.766 -0.7747939126702477
-41.1588170645 211.681 -0.8489190883361744
-39.1789963594 213.166 0.6470879815806256
-37.19914952 212.057 -0.4507667555677699
-35.2192765454 211.569 -0.9274775265900814
-33.2393774355 212.575 0.08996126751364386
-31.2594521894 214.939 2.4655550515382743
-29.2795008068 213.171 0.7093090760423877
-27.2995232873 212.988 0.5382284173293783
-25.3195196301 213.316 0.8783179774261498
-23.3394898349 214.15 1.7245824840548494
-21.359433901 213.582 1.1690264906150674
-19.379351828 215.7 3.2996543761566954
-17.3992436154 217.928 5.540470345359239
-15.4191092626 220.61 8.235478428508827
-13.4389487692 225.152 12.790682481473226
-11.4587621345 225.589 13.241086185682178
-9.4785493582 230.435 18.10069304809943
-7.49831043967 233.684 21.363506401204887
-5.51804537832 240.221 27.914529402968896
-3.53775417381 247.877 35.58476503682775
-1.55743682541 257.407 45.129216111665045
0.42290666725 261.722 49.458885261783564
2.40327630468 262.811 50.56277494688541
4.38367208747 260.938 48.70488745204881
6.3640940161 259.288 47.07022488770352
8.34454209111 257.566 45.36378918960901
10.325016313 261.083 48.89658211883085
12.3055166823 257.892 45.721605261717684
14.2860431995 254.979 42.82486002987824
16.2665958652 249.757 37.61934766015895
18.2471746798 243.085 30.964069214618576
20.2277796439 236.096 23.99202558050837
22.2084107579 229.658 17.571217470245614
24.1890680226 225.767 13.697645421395777
26.1697514381 222.589 10.537309796639676
28.1504610053 222.857 10.823210783763756
30.1311967246 219.712 7.696348395625392
32.1119585963 221.387 9.38972247013325
34.0927466213 221.679 9.700332670230722
36.0735607998 230.216 18.25617848386085
38.0544011325 225.967 14.026259223954241
40.0352676198 227.325 15.403574028398566
42.0161602623 231.021 19.119121860020243
43.9970790605 231.427 19.544901506558347
45.9780240148 231.205 19.342911580641413
47.958995126 230.551 18.70915051976945
49.9399923943 229.707 17.885616586280804
51.9210158204 231.888 20.087307867339973
53.9020654049 230.568 18.788222274908605
55.8831411481 228.969 17.210357545720058
57.8642430506 228.764 17.026711241262774
59.845371113 230.986 19.27028074775373
61.8265253356 232.12 20.42606327611233
63.8077057192 234.189 22.517055861945806
65.7889122641 235.017 23.367255365515177
67.7701449711 232.993 21.36565847172318
69.7514038403 234.893 23.288261690077718
71.7326888726 232.455 20.873061354685518
73.7140000683 233.864 22.3050536242132
75.695337428 236.739 25.20323448187449
77.6767009522 238.086 26.573599735402297
79.6580906414 239.54 28.051145017026755
81.6395064961 238.563 27.097865783452193
83.6209485169 236.266 24.824757315835
85.6024167042 234.545 23.127814719757026
87.5839110587 233.281 21.888032925208364
89.5654315808 231.598 20.2294066865569
91.5469782709 227.184 15.839930582528808
93.5285511298 224.25 12.93059901619037
95.5101501578 222.696 11.401406214913607
97.4917753555 221.077 9.807346230363095
99.4734267233 217.748 6.503412938466454
101.455104262 216.658 5.438600039398835
103.436807972 217.026 5.831901057549629
105.418537853 215.724 4.555309341495189
107.400293907 214.072 2.928818064014365
109.382076134 213.65 2.532420222010046
111.363884534 214.811 3.7191086365115495
113.345719108 213.475 2.408875952664431
115.327579856 213.519 2.4787146396814705
117.309466779 212.595 1.5806169908453
119.291379877 212.266 1.277575123459286
121.273319151 213.702 2.7395809788504266
123.255284602 211.024 0.08762632233307954
125.23727623 211.066 0.1557027431725828
127.219294035 211.378 0.4938016545751793
129.201338018 211.694 0.8359142936779733
131.18340818 210.274 -0.5579682784873796
133.16550452 210.931 0.12514482295563312
135.14762704 209.989 -0.7907556932288742
137.129775741 210.554 -0.19967929446502808
139.111950622 208.957 -1.7706356244017627
141.094151683 210.15 -0.5516345028962917
143.076378927 211.301 0.6253140739885623
145.058632352 210.207 -0.4428000661435192
147.040911961 210.805 0.18101272808527824
149.023217752 209.898 -0.7002580683271162
151.005549727 209.477 -1.0956231566682106
152.987907886 210.436 -0.11109341461266808
154.97029223 210.179 -0.3426798962063913
156.95270276 210.099 -0.3973938319028605
158.935139475 210.346 -0.12524662861170555
160.917602376 210.156 -0.290249869670987
162.900091464 211.874 1.4525846851039717
164.88260674 210.637 0.240245099397157
166.865148203 209.838 -0.5342807396559124
168.847715854 210.132 -0.21600512144163986
170.830309695 211.775 1.451059488095126
172.812929725 209.958 -0.34209955362038613
174.795575945 210.638 0.3615049342446355
176.778248355 210.898 0.6448599558709986
