vel Tant_raw Tant_corr
-246.380470447 157.833 -0.24481202375073963
-244.403338822 158.413 0.3196331788196005
-242.426181116 158.767 0.6543389047469077
-240.448997329 158.315 0.17938157275361277
-238.471787459 158.401 0.23883694868234784
-236.494551506 158.36 0.1677801454560779
-234.517289471 158.682 0.45628562299137343
-232.540001351 158.153 -0.10957281197707402
-230.562687147 158.9 0.5972779941523072
-228.585346858 157.537 -0.8090894583418446
-226.607980484 159.04 0.6473966774663324
-224.630588024 157.904 -0.5381924049804923
-222.653169477 157.994 -0.5007861657899184
-220.675724844 157.701 -0.8493147186484009
-218.698254123 157.209 -1.3997088310447623
-216.720757314 157.673 -0.9968999242199459
-214.743234417 157.707 -1.0268200733056005
-212.765685431 158.043 -0.7574020074451369
-210.788110355 157.99 -0.8795791098514201
-208.810509189 159.302 0.3607145821435722
-206.832881933 159.182 0.16654437697044955
-204.855228585 158.928 -0.16402507134318967
-202.877549147 159.194 0.023070236971619806
-200.899843616 159.924 0.6718936469873711
-198.922111992 159.998 0.6625078493064507
-196.944354276 159.826 0.4049748799039321
-194.966570465 160.004 0.49535611982182104
-192.988760561 159.817 0.21871229547400617
-191.010924562 160.066 0.3761034781635715
-189.033062468 160.247 0.4635890842629635
-187.055174278 160.47 0.5912278749906648
-185.077259991 160.91 0.9340779563696628
-183.099319609 160.612 0.537196779291861
-181.121353129 159.595 -0.5803588609659869
-179.143360551 160.937 0.6594671755666468
-177.165341875 160.336 -0.04526962667895873
-175.1872971 161.01 0.5234855610486875
-173.209226225 160.943 0.3497869117852588
-171.231129251 161.15 0.44868794287356195
-169.253006177 161.187 0.37624151566120645
-167.274857002 161.824 0.9024998355194498
-165.296681725 160.185 -0.8484855482435592
-163.318480347 161.489 0.3423362576455986
-161.340252866 160.897 -0.3639845099458512
-159.361999282 161.248 -0.1283982703591846
-157.383719595 161.778 0.28514390065632256
-155.405413804 161.22 -0.3903097292034374
-153.427081908 161.591 -0.13771154882635983
-151.448723907 162.35 0.5019853962893137
-149.470339801 162.1 0.13182740388961633
-147.491929589 161.621 -0.4681398851837173
-145.51349327 161.567 -0.6438714870203057
-143.535030844 162.273 -0.060323074665916465
-141.556542311 163.149 0.6925490217299739
-139.578027669 162.4 -0.18021218529835892
-137.599486919 163.334 0.6294356596922626
-135.62092006 162.349 -0.48046574534518527
-133.642327091 162.68 -0.2748753599104248
-131.663708012 163.769 0.6882471990206511
-129.685062823 162.589 -0.6180583431535354
-127.706391522 163.447 0.11324708112431381
-125.727694109 163.554 0.09320188173867905
-123.748970585 163.627 0.03884381075164356
-121.770220947 162.955 -0.7607900380064336
-119.791445196 163.58 -0.2636632285091025
-117.812643332 163.916 -0.05573998294229909
-115.833815353 164.085 -0.014985181856900454
-113.854961259 164.128 -0.100364363996988
-111.87608105 163.949 -0.40784372651583567
-109.897174726 163.877 -0.6083901250634653
-107.918242285 164.224 -0.38997107400342657
-105.939283727 164.517 -0.22555474624007843
-103.960299051 164.602 -0.2691099735007185
-101.981288258 164.551 -0.44860624622771184
-100.002251346 166.14 1.0119862860097726
-98.0231883153 164.607 -0.6493031852274953
-96.0440991651 164.614 -0.7704461275563688
-94.064983895 164.633 -0.8794146677613242
-92.0858425043 166.163 0.5228184080731069
-90.1066749927 165.596 -0.17172034547957082
-88.1274813595 165.238 -0.657005033326584
-86.1482616042 166.351 0.32898958009548096
-84.1690157265 166.264 0.11528807073364078
-82.1897437256 167.297 1.0219143547862188
-80.2104456011 166.686 0.2848916886734969
-78.2311213525 166.149 -0.37775733108165355
-76.2517709793 165.918 -0.7340107679344783
-74.2723944809 167.318 0.5411526545879894
-72.2929918569 166.586 -0.31524644718120953
-70.3135631066 166.482 -0.5431881171678299
-68.3341082297 167.71 0.561346940400341
-66.3546272256 166.639 -0.6326226391377077
-64.3751200937 166.848 -0.5460788809445773
-62.3955868336 166.983 -0.5330044707594084
-60.4160274447 168.349 0.7116172449900375
-58.4364419265 167.605 -0.15319774088132476
-56.4568302785 166.991 -0.8874340964094358
-54.4771925002 167.99 -0.008077150568539082
-52.497528591 167.686 -0.4311128933641726
-50.5178385505 168.481 0.24547202409718238
-48.5381223781 168.479 0.12569028949701533
-46.5583800733 168.983 0.5125539292351675
-44.5786116357 168.627 0.0400743083425823
-42.5988170645 169.386 0.6832621303644544
-40.6189963594 169.009 0.19112743732577542
-38.63914952 168.779 -0.15332039039157053
-36.6592765454 169.404 0.3579273658411921
-34.6793774355 169.662 0.5028787628870646
-32.6994521894 170.504 1.2325411956640266
-30.7195008068 171.041 1.657921397137784
-28.7395232873 171.829 2.335025438194066
-26.7595196301 172.872 3.2678587275347297
-24.7794898349 174.636 4.922426011640738
-22.799433901 177.453 7.630731374634479
-20.819351828 180.935 11.00477823823104
-18.8392436154 186.81 16.772569361628626
-16.8591092626 194.541 24.397106841421362
-14.8789487692 201.542 31.29239211152776
-12.8987621345 209.121 38.7664259430766
-10.9185493582 216.109 45.65020844435662
-8.93831043967 225.269 54.706739060690296
-6.95804537832 230.961 60.29601657436601
-4.97775417381 235.554 64.78703910456122
-2.99743682541 238.15 67.28180410722192
-1.01709333275 237.611 66.64230837501361
0.963276304678 236.342 65.27354803720831
2.94367208747 232.263 61.09551855959944
4.9240940161 228.85 57.584214744425
6.90454209111 225.164 53.80063073027037
8.88501631302 219.207 47.7467599919853
10.8655166823 213.754 42.19759534059742
12.8460431995 208.173 36.52112892321858
14.8265958652 202.128 30.38135222295955
16.8071746798 196.524 24.683256058852436
18.7877796439 191.637 19.70283058574492
20.7684107579 186.567 14.540065294231567
22.7490680226 182.701 10.581949010538096
24.7297514381 179.953 7.742469896484977
26.7104610053 177.777 5.475615449329922
28.6911967246 174.953 2.5613725017408626
30.6719585963 174.673 2.19172722168895
32.6527466213 175.069 2.4986651123297747
34.6335607998 173.803 1.1441710119742368
36.6144011325 173.557 0.8102290939466741
38.5952676198 174.406 1.5718228665331822
40.5761602623 173.277 0.3559351728714262
42.5570790605 172.626 -0.38145180912354704
44.5380240148 172.214 -0.8793565668474344
46.518995126 173.005 -0.1737982531159048
48.4999923943 173.58 0.31620331379082245
50.4810158204 174.129 0.7806276499927094
52.4620654049 174.403 0.9704536059481654
54.4431411481 174.229 0.7126593663744245
56.4242430506 173.484 -0.1157775498656406
58.405371113 173.86 0.17711971016146322
60.3865253356 173.907 0.14132733338462344
62.3677057192 174.333 0.484820840606659
64.3489122641 173.816 -0.11442491354156914
66.3301449711 174.799 0.7865642592692552
68.3114038403 174.228 0.13376188102884612
70.2926888726 174.494 0.3181408072373415
72.2740000683 173.714 -0.5433267731246474
74.255337428 174.043 -0.2956693377210513
76.2367009522 174.669 0.24908396906815256
78.2180906414 173.783 -0.7180966639449764
80.1995064961 174.479 -0.1032417148442164
82.1809485169 174.359 -0.30438232870136517
84.1624167042 175.236 0.49144968234830344
86.1439110587 175.733 0.9072218389976001
88.1254315808 175.111 0.20390099470392897
90.1069782709 173.772 -1.2165466644107141
92.0885511298 174.847 -0.22315561966436803
94.0701501578 175.36 0.2080389801339777
96.0517753555 174.689 -0.5449986814363683
98.0334267233 174.276 -1.0403050884752645
100.015104262 174.989 -0.4099173928746609
101.996807972 175.152 -0.3298734143733384
103.978537853 175.009 -0.556211640631858
105.960293907 174.916 -0.7329712274470523
107.942076134 175.254 -0.4791919986593314
109.923884534 176.095 0.27708555367590293
111.905719108 175.403 -0.5001797308430014
113.887579856 175.959 -0.03002968096629388
115.869466779 174.976 -1.0995067939670946
117.851379877 176.899 0.7363457643573099
119.833319151 176.438 0.18748415950994968
121.815284602 177.091 0.7518638882494315
123.79727623 176.179 -0.24956022145337897
125.779294035 176.978 0.45916598945336773
127.761338018 176.909 0.29899601096778383
129.74340818 176.82 0.1178826639909687
131.72550452 176.864 0.06877810033290643
133.70762704 177.323 0.4336338023908297
135.689775741 177.002 0.017400583246484302
137.671950622 177.288 0.20702858662917833
139.654151683 178.074 0.8954672866852889
141.636378927 176.652 -0.6253345122132146
143.618632352 178.448 1.0705713248399888
145.600911961 177.759 0.2801322626986007
147.583217752 177.287 -0.2947049034191025
149.565549727 177.501 -0.18499404847770506
151.547907886 177.427 -0.36478971740481825
153.53029223 178.76 0.8608528746644595
155.51270276 178.226 0.21787784235075947
157.495139475 178.855 0.7362286300544838
159.477602376 178.702 0.47084801164788814
161.460091464 178.989 0.6436780904940065
163.44260674 178.003 -0.4583397006416021
165.425148203 177.894 -0.6852645995593605
167.407715854 178.396 -0.3031565149481139
169.390309695 179.289 0.4679239735789906
171.372929725 178.281 -0.6640843843572384
173.355575945 178.404 -0.6672435102952079
175.338248355 178.986 -0.21361599683550025
