vel Tant_raw Tant_corr
-238.890470447 156.902 -0.35804578245367225
-236.913338822 157.259 0.005000408116444532
-234.936181116 157.203 -0.048825142841849356
-232.958997329 157.638 0.38455146064222845
-230.981787459 157.912 0.6532035227885729
-229.004551506 157.826 0.5582037559911157
-227.027289471 157.568 0.2876242807505207
-225.050001351 157.686 0.389536625559316
-223.072687147 157.898 0.5820117268743275
-221.095346858 157.01 -0.3288800710017199
-219.117980484 157.215 -0.15006901597359956
-217.140588024 157.048 -0.34648594825506507
-215.163169477 157.429 0.0019376995616653403
-213.185724844 156.806 -0.65673009753462
-211.208254123 156.463 -1.0384219571391782
-209.230757314 157.74 0.1969289105767018
-207.253234417 157.23 -0.35761129724463103
-205.275685431 156.734 -0.9009769762503197
-203.298110355 157.026 -0.6591031149367552
-201.320509189 157.003 -0.7349252947005596
-199.342881933 158.014 0.22062031006112193
-197.365228585 157.977 0.1255969318114012
-195.387549147 158.066 0.15406720997034995
-193.409843616 157.885 -0.08990680943114171
-191.432111992 157.762 -0.2782636735912547
-189.454354276 157.591 -0.5169425230672573
-187.476570465 157.722 -0.4558830920283583
-185.498760561 158.39 0.1399742919765572
-183.520924562 158.498 0.17368870762496158
-181.543062468 159.633 1.232318639955139
-179.565174278 158.909 0.4299219801777667
-177.587259991 158.88 0.3205560256333797
-175.609319609 159.757 1.1152774798400173
-173.631353129 158.824 0.09814245208448824
-171.653360551 158.629 -0.18279354232817013
-169.675341875 159.238 0.33852441772620523
-167.6972971 159.077 0.08815065906605923
-165.719226225 158.734 -0.3458610858318991
-163.741129251 159.267 0.09454232118272898
-161.763006177 159.741 0.4744134236715638
-159.784857002 158.954 -0.4081958293820094
-157.806681725 160.192 0.7327659163489102
-155.828480347 159.606 0.04834942055609304
-153.850252866 159.588 -0.06939515202947177
-151.871999282 160.174 0.41558176853058626
-149.893719595 160.043 0.18232915720574283
-147.915413804 160.055 0.09089539386519618
-145.937081908 160.227 0.15832826324924554
-143.958723907 160.183 0.008674954944297042
-141.980339801 160.443 0.16198206325262277
-140.001929589 160.973 0.5842955870586195
-138.02349327 160.298 -0.19933907019719754
-136.045030844 160.691 0.08412289945874818
-134.066542311 159.993 -0.72427429159967
-132.088027669 160.77 -0.05848702678994755
-130.109486919 160.799 -0.14147228511976095
-128.13092006 160.912 -0.14118764154588348
-126.152327091 161.318 0.1514087330582754
-124.173708012 161.587 0.30635807188161834
-122.195062823 161.568 0.17270101204016441
-120.216391522 161.957 0.4464775943810366
-118.237694109 161.204 -0.4222727363642207
-116.258970585 160.903 -0.839511131715085
-114.280220947 161.601 -0.25819933981514964
-112.301445196 161.849 -0.12729970504113908
-110.322643332 161.442 -0.6517751683750532
-108.343815353 162.393 0.181410732456186
-106.364961259 162.208 -0.1217061368606096
-104.38608105 161.804 -0.6440905074221348
-102.407174726 162.58 0.013292292812366213
-100.428242285 162.731 0.04547633882185664
-98.4492837265 162.206 -0.5985048913456694
-96.4702990511 163.371 0.4473814833245058
-94.4912882577 163.104 0.06116774656609891
-92.512251346 162.469 -0.693114415096602
-90.5331883153 163.258 -0.02343391250005311
-88.5540991651 163.424 0.02323974611570634
-86.574983895 162.419 -1.1010635449779897
-84.5958425043 163.466 -0.173314489101557
-82.6166749927 163.885 0.1265156127959699
-80.6374813595 163.792 -0.0855451379901524
-78.6582616042 163.252 -0.7444692379635001
-76.6790157265 164.158 0.04277021849458151
-74.6997437256 164.249 0.015199539003901918
-72.7204456011 164.659 0.3068444331602507
-70.7411213525 164.809 0.338730012426538
-68.7617709793 164.369 -0.21911920994060097
-66.7823944809 164.73 0.024320681024477153
-64.8029918569 165.393 0.5700730019350146
-62.8235631066 166.141 1.2011604709430515
-60.8441082297 165.59 0.5336052077018394
-58.8646272256 166.408 1.2354287332452145
-56.8851200937 165.83 0.5416519699264484
-54.9055868336 166.586 1.1822952413505163
-52.9260274447 166.691 1.172378272271743
-50.9464419265 167.735 2.1019201885321763
-48.9668302785 168.193 2.4459395169764377
-46.9871925002 168.002 2.141454185372737
-45.007528591 169.406 3.432481522327805
-43.0278385505 170.994 4.90803825722503
-41.0481223781 172.523 6.325140520122318
-39.0683800733 174.133 7.823803841690079
-37.0886116357 177.493 11.07304315313172
-35.1088170645 181.673 15.142872786076822
-33.1289963594 187.074 20.434306472551896
-31.14914952 194.636 27.887357344867638
-29.1692765454 203.815 36.95803793551798
-27.1893774355 210.033 43.06836017717214
-25.2094521894 213.535 46.463335402507795
-23.2295008068 217.575 50.39697434420822
-21.2495232873 221.259 53.97528713484462
-19.2695196301 224.54 57.15128330678132
-17.2894898349 230.074 62.58097179214437
-15.309433901 234.549 66.95236092269431
-13.329351828 236.205 68.50545842978408
-11.3492436154 235.805 68.00327144425842
-9.36910926259 234.127 66.22380649637427
-7.38894876922 228.415 60.411069515740394
-5.40876213455 223.097 54.99306583120497
-3.4285493582 216.971 48.76780017081424
-1.44831043967 207.776 39.4742766617089
0.531954621684 195.076 26.676498830043528
2.51224582619 186.286 17.789469600930317
4.49256317459 179.246 10.653191298323378
6.47290666725 175.046 6.35766564497834
8.45327630468 173.175 4.391893762347422
10.4336720875 170.555 1.6778761705017757
12.4140940161 169.742 0.7716127880684382
14.3945420911 169.845 0.7821029321290496
16.375016313 170.248 1.093345318156878
18.3555166823 169.826 0.5803380599318189
20.3360431995 168.878 -0.45792133053916473
22.3165958652 167.957 -1.46843594310576
24.2971746798 168.921 -0.5932094695404828
26.2777796439 169.17 -0.43224620363596955
28.2584107579 168.835 -0.8545510412666033
30.2390680226 168.826 -0.9501294804944962
32.2197514381 169.525 -0.3369876216006844
34.2004610053 169.507 -0.4401321672302174
36.1811967246 169.203 -0.828570422414856
38.1619585963 169.217 -0.8983102946704946
40.1427466213 170.386 0.18763970589407108
42.1235607998 169.86 -0.4207295334475418
44.1044011325 169.157 -1.2054277281694397
46.0852676198 173.176 2.732534803460652
48.0661602623 172.489 1.9651471402810898
50.0470790605 170.836 0.23239775816890074
52.0280240148 170.353 -0.3297254700396195
54.008995126 170.559 -0.20223527464864333
55.9899923943 169.449 -1.3901449891423567
57.9710158204 172.603 1.6865314496916142
59.9520654049 170.195 -0.7982204982934888
61.9331411481 170.593 -0.4764159766754972
63.9142430506 170.569 -0.5760707325663077
65.895371113 171.379 0.1587988833202587
67.8765253356 171.452 0.15717591660018115
69.8577057192 170.887 -0.4819571908906539
71.8389122641 171.612 0.16938139886150338
73.8201449711 171.226 -0.2898270800686191
75.8014038403 172.134 0.5453980024192902
77.7826888726 171.913 0.2520366723163363
79.7640000683 172.453 0.720068351476101
81.745337428 170.945 -0.8595281424979646
83.7267009522 172.534 0.6582254036823656
85.7080906414 171.771 -0.175693401093298
87.6895064961 172.072 0.054692447586489834
89.6709485169 172.051 -0.03664065042846687
91.6524167042 172.389 0.23128310008115704
93.6339110587 172.143 -0.08456111039348002
95.6154315808 172.421 0.12380130385241728
97.5969782709 171.943 -0.42365567635334855
99.5785511298 172.545 0.10904132484623119
101.560150158 172.78 0.27486507828254503
103.541775355 172.628 0.05378774970546374
105.523426723 172.104 -0.5392191004250435
107.505104262 172.168 -0.5441845168481052
109.486807972 172.368 -0.41313814965840834
111.468537853 172.589 -0.26111025438581237
113.450293907 172.971 0.051868307854988416
115.432076134 172.779 -0.20923392957598708
117.413884534 172.75 -0.3074490389933544
119.395719108 173.212 0.08519030149875562
121.377579856 173.245 0.04865080799692123
123.359466779 172.982 -0.28410140935176287
125.341379877 173.772 0.43589915364108833
127.323319151 173.846 0.4396173950545972
129.305284602 173.209 -0.2679823931862586
131.28727623 174.435 0.8870634746453447
133.269294035 173.601 -0.018281922036919696
135.251338018 174.635 0.9439438897512389
137.23340818 173.925 0.16170277652037157
139.21550452 173.284 -0.552044001699187
141.19762704 173.516 -0.393335791619819
143.179775741 174.002 0.018787453368588558
145.161950622 174.069 0.011285173157915551
147.144151683 174.374 0.24111620073114182
149.126378927 174.41 0.2012387620035554
151.108632352 174.473 0.18761047604820646
153.090911961 174.612 0.24918835463287792
155.073217752 173.855 -0.5860711974729895
157.055549727 174.229 -0.2912123829290749
159.037907886 175.264 0.6637199883307687
161.02029223 174.522 -0.1593195011001569
163.00270276 174.4 -0.3633768761423255
164.985139475 175.665 0.8185012307742738
166.967602376 175.63 0.6992675794647312
168.950091464 174.997 -0.019125678009714875
170.93260674 175.875 0.7722730025780322
172.915148203 174.567 -0.6235854423696594
174.897715854 175.101 -0.17875068453014364
176.880309695 174.673 -0.6972730037009001
178.862929725 174.626 -0.8362032876965486
180.845575945 175.054 -0.5015930326555349
182.828248355 176.387 0.7365056570174602
