vel Tant_raw Tant_corr
-250.700470447 151.024 -0.6111926883949366
-248.723338822 151.636 0.002527990589868523
-246.746181116 152.332 0.6984417358633266
-244.768997329 151.879 0.2435610035562661
-242.791787459 152.635 0.9958983091893003
-240.814551506 151.536 -0.10853377231546801
-238.837289471 151.333 -0.31872260662186136
-236.860001351 152.064 0.4033445000077336
-234.882687147 152.829 1.1576803007493197
-232.905346858 151.595 -0.08870239179782402
-230.927980484 152.748 1.0502092944107915
-228.950588024 150.655 -1.0585717091399545
-226.973169477 150.757 -0.97403241151207
-224.995724844 150.954 -0.7961597622863792
-223.018254123 150.361 -1.409940651601147
-221.040757314 151.562 -0.2313619100977462
-219.063234417 150.804 -1.0134103089301618
-217.085685431 151.65 -0.19307255977017235
-215.108110355 150.88 -0.9903353147898315
-213.130509189 151.973 0.07381483336163797
-211.152881933 152.176 0.24639135155359781
-209.175228585 151.635 -0.3265922338511871
-207.197549147 151.934 -0.06112233689273694
-205.219843616 151.734 -0.2961853121533409
-203.242111992 152.616 0.5492325453817841
-201.264354276 152.28 0.17514500030461022
-199.286570465 152.611 0.4665658766938918
-197.308760561 152.715 0.5295090582981743
-195.330924562 152.586 0.3579884883652369
-193.353062468 152.088 -0.18398183022921444
-191.375174278 152.375 0.05761216496367183
-189.397259991 152.891 0.526784595993945
-187.419319609 151.918 -0.49445035540489357
-185.441353129 153.025 0.5629215519986701
-183.463360551 151.958 -0.5550853808663021
-181.485341875 152.542 -0.023456793435428835
-179.5072971 153.421 0.8018217344712184
-177.529226225 152.187 -0.4872353173182944
-175.551129251 152.658 -0.07261340926240223
-173.573006177 152.955 0.16670205779072944
-171.594857002 153.44 0.5927257426642996
-169.616681725 153.358 0.4504723638609107
-167.638480347 153.326 0.35695669963322985
-165.660252866 152.702 -0.32980641216215645
-163.681999282 153.573 0.47719792609689193
-161.703719595 152.948 -0.21301532825430058
-159.725413804 154.097 0.8695688418065686
-157.747081908 153.721 0.425965513028018
-155.768723907 154.425 1.0611898219277407
-153.790339801 153.343 -0.09074303523235017
-151.811929589 152.748 -0.7568178024744725
-149.83349327 153.792 0.21498083593661477
-147.855030844 153.664 0.013668255538874519
-145.876542311 154.625 0.9002598916457032
-143.898027669 153.606 -0.19422876072329132
-141.919486919 153.383 -0.4937821466447474
-139.94092006 154.015 0.06061534852636896
-137.962327091 153.476 -0.5570206007601826
-135.983708012 155.246 1.1333257397979821
-134.005062823 153.974 -0.21932983567455722
-132.026391522 154.489 0.21402852669379513
-130.047694109 155.263 0.9054167406922886
-128.068970585 154.249 -0.19214922000168144
-126.090220947 154.317 -0.20865332202725995
-124.111445196 154.274 -0.33707947199454225
-122.132643332 155.294 0.5965884833134396
-120.153815353 154.914 0.12936675690167476
-118.174961259 154.045 -0.827728378254335
-116.19608105 154.824 -0.13768058928667415
-114.217174726 154.603 -0.4484734834274491
-112.238242285 155.541 0.3989093919073241
-110.259283727 155.142 -0.0915154506931799
-108.280299051 155.293 -0.032731438762994
-106.301288258 155.148 -0.270721939812006
-104.322251346 156.862 1.3495297384479272
-102.343188315 155.791 0.18404034834480854
-100.364099165 155.446 -0.2561732978386715
-98.384983895 155.434 -0.3640943279057751
-96.4058425043 154.963 -0.9317058096762025
-94.4266749927 155.206 -0.7859907509676702
-92.4474813595 156.468 0.3780679003630212
-90.4682616042 155.467 -0.7215127435379998
-88.4890157265 156.218 -0.06971551051370284
-86.5097437256 156.88 0.4924768315769654
-84.5304456011 156.701 0.21308157491154134
-82.5511213525 156.485 -0.10388392831285387
-80.5717709793 156.488 -0.20240226586690824
-78.5923944809 157.345 0.5525440345138577
-76.6129918569 156.242 -0.6530274948479757
-74.6335631066 156.508 -0.49009926158939265
-72.6541082297 156.989 -0.1126536132631486
-70.6746272256 156.564 -0.6416728373659453
-68.6951200937 156.737 -0.5731391613153107
-66.7155868336 156.748 -0.6670347524311069
-64.7360274447 157.369 -0.15134171794866802
-62.7564419265 158.052 0.4259578950046432
-60.7768302785 157.946 0.21388209941221703
-58.7971925002 157.553 -0.28555103162398154
-56.817528591 157.783 -0.16232336488116061
-54.8378385505 158.098 0.04558329300860464
-52.8581223781 157.169 -0.9908128044557145
-50.8783800733 158.186 -0.08149334361965543
-48.8986116357 157.619 -0.7564399506657651
-46.9188170645 157.875 -0.6086341916326603
-44.9389963594 158.583 -0.0090575723584152
-42.95914952 157.718 -0.9826915385051791
-40.9792765454 158.704 -0.1055174755734356
-38.9993774355 157.663 -1.2555167088228245
-37.0194521894 159.491 0.46332949664787293
-35.0395008068 158.568 -0.5689600640145045
-33.0595232873 159.118 -0.12836653544800924
-31.0795196301 159.832 0.47612899791550944
-29.0994898349 159.561 0.09554551190811367
-27.119433901 160.136 0.5609020425836491
-25.139351828 160.231 0.5462176862646118
-23.1592436154 160.546 0.7515115995277597
-21.1791092626 160.962 1.057802999211816
-19.1989487692 162.057 2.043111162442159
-17.2187621345 162.773 2.649455426610899
-15.2385493582 164.928 4.694855189423379
-13.2583104397 168.619 8.276329908867524
-11.2780453783 177.852 17.39989910323257
-9.29775417381 184.491 23.92958235115077
-7.31743682541 185.215 24.544399291542163
-5.33709333275 180.938 20.158369623683228
-3.35672369532 179.128 18.239513107180045
-1.37632791253 182.194 21.19684956198043
0.604094016101 189.826 28.72039886839235
2.58454209111 196.384 35.17018096708259
4.56501631302 202.843 41.521215859088585
6.54551668228 205.327 43.897523605829406
8.52604319954 203.839 42.3021243290988
10.5065958652 197.141 35.497038211097504
12.4871746798 188.759 27.008285494419937
14.4677796439 185.372 23.51488648206859
16.4484107579 182.687 20.723861537471578
18.4290680226 180.047 17.978231084460475
20.4097514381 180.4 18.226015607337104
22.3904610053 183.22 20.94123565080119
24.3711967246 185.062 22.67891182002765
26.3519585963 187.376 24.889064780652944
28.3327466213 189.459 26.868715258746278
30.3135607998 189.345 26.651884040885705
32.2944011325 192.035 29.23959197410315
34.2752676198 183.947 21.04985996593402
36.2561602623 183.264 20.265708984399197
38.2370790605 183.583 20.484160058028294
40.2180240148 185.451 22.252234275867522
42.198995126 185.777 22.478952787462333
44.1799923943 186.47 23.07333680291569
46.1610158204 188.582 25.087407592840492
48.1420654049 188.907 25.31518648839804
50.1231411481 191.285 27.596694881315074
52.1042430506 191.654 27.869954223862493
54.085371113 192.608 28.728986028877983
56.0665253356 192.241 28.267811869788176
58.0477057192 190.383 26.31645338057831
60.0289122641 187.062 22.902932255847787
62.0101449711 183.579 19.32827025077077
63.9914038403 181.374 17.032489181160088
65.9726888726 176.718 12.286610923405618
67.9540000683 174.13 9.609657414546774
69.935337428 172.214 7.605650652239007
71.9167009522 171.223 6.527612694780061
73.8980906414 168.294 3.512565661113257
75.8795064961 168.796 3.929531730835265
77.8609485169 167.243 2.292533144200064
79.8424167042 166.602 1.5685922021392287
81.8239110587 166.827 1.7117312662490463
83.8054315808 166.145 0.948972758823345
85.7869782709 164.653 -0.6226608371513009
87.7685511298 165.423 0.06885302199657417
89.7501501578 166.151 0.719536940667183
91.7317753555 166.29 0.7824135839653934
93.7134267233 164.58 -1.0024943222715308
95.6951042619 165.966 0.30983600851470783
97.6768079718 165.607 -0.12157257636957297
99.6585378533 164.892 -0.9076971688626259
101.640293907 165.595 -0.2745148001576183
103.622076134 164.884 -1.0540024407005433
105.603884534 165.735 -0.2701370001168186
107.585719108 165.357 -0.7138953272969957
109.567579856 165.32 -0.8152542103103144
111.549466779 165.843 -0.3551903764631561
113.531379877 165.737 -0.5226804922263284
115.513319151 167.067 0.7472988367094899
117.495284602 166.356 -0.02222893452554331
119.47727623 166.575 0.1397597100559551
121.459294035 165.92 -0.5707116527249241
123.441338018 165.625 -0.9196193852324654
125.42340818 166.086 -0.5109397889782485
127.40550452 166.348 -0.2996491045630023
129.38762704 166.497 -0.19972351179862358
131.369775741 166.27 -0.4741391295937092
133.351950622 165.982 -0.8078720159271313
135.334151683 166.596 -0.2378981679141532
137.316378927 166.427 -0.4491935218359515
139.298632352 167.479 0.5622660470415326
141.280911961 167.088 0.13250472426219062
143.263217752 166.261 -0.7314532436076604
145.245549727 167.084 0.05641645085015057
147.227907886 166.993 -0.06786182396993468
149.21029223 166.88 -0.2122636387446164
151.19270276 166.606 -0.5157645031948164
153.175139475 167.356 0.20666013394932747
155.157602376 167.842 0.6670348848965943
157.140091464 168.305 1.1063844228354753
159.12260674 166.999 -0.22126651805783126
161.105148203 167.37 0.13010685740721328
163.087715854 167.012 -0.24547059460027754
165.070309695 168.178 0.9050260430931019
167.052929725 167.334 0.047621748703022604
169.035575945 167.319 0.021341561453823488
171.018248355 167.967 0.660210581609249
