vel Tant_raw Tant_corr
-163.870470447 167.845 -0.291996144397217
-161.893338822 167.559 -0.4969580101423503
-159.916181116 169.063 1.0838960879659112
-157.938997329 169.431 1.5246715442377194
-155.961787459 168.536 0.6984727132049784
-153.984551506 167.484 -0.28859709066338723
-152.007289471 168.885 1.1735644069503337
-150.030001351 173.305 0.0
-148.052687147 173.242 0.0
-146.075346858 167.458 -0.09155615210769952
-144.097980484 169.163 1.6605324879340913
-142.120588024 167.657 0.19834819462207065
-140.143169477 166.519 -0.8990130013156374
-138.165724844 166.709 -0.6714561102801326
-136.188254123 166.862 -0.48388718384092044
-134.210757314 167.155 -0.15921331497239066
-132.233234417 166.925 -0.36034263814946144
-130.255685431 167.773 0.5138156705269523
-128.278110355 166.579 -0.6566486068258541
-126.300509189 167.55 0.3353532699796915
-124.322881933 167.161 -0.0350910009212555
-122.345228585 167.031 -0.14889476356893283
-120.367549147 166.588 -0.5779724043673866
-118.389843616 166.996 -0.15823935215141205
-116.412111992 166.151 -0.9936120783866897
-114.434354276 166.181 -0.9560080972848652
-112.456570465 166.186 -0.9453459659250711
-110.478760561 166.984 -0.1435452844241638
-108.500924562 166.131 -0.9945266960466199
-106.523062468 165.201 -1.9242118873586094
-104.545174278 167.039 -0.08752358836090934
-102.567259991 167.193 0.06361442737107836
-100.589319609 165.314 -1.8197226574432932
-98.6113531286 165.921 -1.218460703944288
-96.6333605507 166.369 -0.7775266172509703
-94.6553418746 167.037 -0.11784834661162336
-92.6772970997 166.933 -0.2313548855383658
-90.6992262255 167.143 -0.03197627194484198
-88.7211292514 166.568 -0.6186435882856358
-86.7430061771 166.98 -0.21928896169183076
-84.7648570018 168.598 1.3851544358858803
-82.7866817252 166.821 -0.4062476124549619
-80.8084803468 167.916 0.673569631289098
-78.8302528658 167.061 -0.19733014011231376
-76.851999282 167.844 0.5691157207456854
-74.8737195948 167.912 0.6199688157570051
-72.8954138036 168.033 0.7232897011692785
-70.9170819079 167.841 0.51313788744676
-68.9387239072 169.16 1.813571839130816
-66.960339801 169.583 2.2176489747018877
-64.9819295888 170.026 2.6414256664410516
-63.0034932701 170.991 3.5869572402916106
-61.0250308443 173.057 5.633297975719728
-59.046542311 176.666 9.22250110557917
-57.0680276695 178.029 10.565618815967753
-55.0894869195 180.506 13.022702246095974
-53.1109200603 182.236 14.732801488140666
-51.1323270915 183.961 16.437965587113496
-49.1537080125 184.539 16.996242540717418
-47.1750628228 184.546 16.98367929921156
-45.196391522 184.562 16.980321765272237
-43.2176941095 185.114 17.5132147938518
-41.2389705847 183.873 16.253402192042188
-39.2602209472 182.544 14.905926718938133
-37.2814451964 181.619 13.9628300854948
-35.3026433319 180.449 12.77515295439315
-33.3238153531 180.017 12.325934939897536
-31.3449612595 179.329 11.621214607719992
-29.3660810505 179.473 11.74902947487982
-27.3871747257 179.512 11.772416009567507
-25.4082422846 179.313 11.55840963100357
-23.4292837265 177.27 9.501044709299435
-21.4502990511 177.906 10.123354565322984
-19.4712882577 176.493 8.697371470554344
-17.492251346 178.11 10.302126646952559
-15.5131883153 179.708 11.888650266811737
-13.5340991651 185.082 17.251971452626293
-11.554983895 193.081 25.241118276951255
-9.5758425043 206.715 38.866117762261695
-7.59667499266 210.447 42.5899958808171
-5.61748135949 208.298 40.43377755451988
-3.63826160422 206.914 39.04348665477775
-1.65901572646 206.435 38.559146002365594
0.320256274408 208.236 40.35577736728507
2.29955439893 208.529 40.6454014686272
4.27887864748 208.892 41.00603797443304
6.25822902071 208.427 40.539705501554636
8.23760551906 209.183 41.29542161551652
10.2170081431 208.94 41.053202830376705
12.1964368934 208.046 40.16106460858782
14.1758917703 207.231 39.349021360858075
16.1553727744 203.492 35.61408644601261
18.1348799063 200.667 32.79427217085467
20.1144131664 198.364 30.497589790025955
22.0939725553 195.15 27.291049505868756
24.0735580735 195.104 27.253660468286114
26.0531697215 193.596 25.755430774603127
28.0328074998 193.238 25.408367469428015
30.012471409 194.176 26.35847654451365
31.9921614495 194.455 26.650762938616822
33.9718776219 192.971 25.181230537361557
35.9516199267 191.671 23.896882173098362
37.9313883643 190.19 22.43271962476473
39.9111829355 189.955 22.215743617750547
41.8910036406 188.369 20.648953823751185
43.87085048 187.048 19.348348860633337
45.8507234546 186.622 18.943926292300517
47.8306225645 185.587 17.931682628540216
49.8105478106 186.945 19.313613324902263
51.7904991932 185.496 17.889712782543768
53.7704767127 186.07 18.48997434809766
55.7504803699 186.351 18.798390313538135
57.7305101651 186.389 18.864951916029383
59.710566099 186.615 19.120649337798568
61.690648172 186.538 19.07447170598681
63.6707563846 185.852 18.420407092515575
65.6508907374 187.124 19.72544251394774
67.6310512308 187.812 20.447563931343353
69.6112378655 185.901 18.57175625012877
71.5914506418 185.827 18.5340033199453
73.5716895603 187.221 19.96528793452208
75.5519546217 185.741 18.523591831533764
77.5322458262 186.802 19.62389569244914
79.5125631746 185.614 18.476179142413486
81.4929066673 185.969 18.87242075008939
83.4732763047 186.892 19.83759802752516
85.4536720875 185.64 18.6286874300219
87.4340940161 184.577 17.609664355981494
89.4145420911 183.143 16.220503146777872
91.395016313 182.896 16.019177086611023
93.3755166823 181.365 14.534658402369757
95.3560431995 180.572 13.788918263492178
97.3365958652 177.545 10.809926781828722
99.3171746798 176.017 9.330653011495428
101.297779644 174.994 8.357064948746626
103.278410758 172.471 5.884129531815546
105.259068023 170.601 4.064812640812619
107.239751438 169.633 3.1480790975042794
109.220461005 169.384 2.9508926653067817
111.201196725 166.487 0.1062160490448889
113.181958596 167.579 1.251010894756888
115.162746621 166.164 -0.11076221023213861
117.1435608 169.465 3.2438562623379994
119.124401132 173.546 0.0
121.10526762 176.66 0.0
123.086160262 164.639 -1.4193594596897867
125.06707906 166.693 0.6893994211956169
127.048024015 164.203 -1.7456683686506267
129.028995126 164.751 -1.142609657842769
131.009992394 164.21 -1.628472334902881
132.99101582 167.135 1.3516946515441361
134.972065405 165.729 0.0008412926308949409
136.953141148 165.621 -0.0520834809482551
138.934243051 165.753 0.13486820106246
140.915371113 165.273 -0.2903568518263171
142.896525336 164.962 -0.5468128908226788
144.877705719 164.824 -0.6305552281588973
146.858912264 164.642 -0.7586402370662029
148.840144971 165.867 0.5198746479481997
150.82140384 166.978 1.6839309310164197
152.802688873 164.11 -1.1315309451769338
154.784000068 164.673 -0.5165715996939753
156.765337428 164.76 -0.3782527132455584
158.746700952 166.077 0.9893629714322003
160.728090641 164.275 -0.7627883504051169
162.709506496 164.973 -0.015771545703017864
164.690948517 165.317 0.37634745622779064
166.672416704 164.697 -0.1964983364026125
168.653911059 164.324 -0.5233769779572697
170.635431581 164.031 -0.771357585629886
172.616978271 164.398 -0.3605103394672824
174.59855113 164.733 0.017093517442589246
176.580150158 164.651 -0.023618321190355118
178.561775355 164.957 0.3222807750250638
180.543426723 164.054 -0.5422836269405593
182.525104262 163.502 -1.0573870237580536
184.506807972 165.657 1.1328940241629084
186.488537853 164.263 -0.22751810746612477
188.470293907 164.489 0.030297893078994775
190.452076134 165.162 0.7332622733268295
192.433884534 165.257 0.856294216507024
194.415719108 163.875 -0.49968815857707227
196.397579856 164.75 0.39923220228311607
198.379466779 164.459 0.12997128858756923
200.361379877 163.683 -0.6265559750366663
202.343319151 165.626 1.333564271046214
204.325284602 163.895 -0.382755178672312
206.30727623 165.412 1.1463974050091394
208.289294035 164.947 0.6909326858720988
210.271338018 165.451 1.2017602621409935
212.25340818 165.521 1.275788666334762
214.23550452 165.189 0.9449253651264939
216.21762704 164.829 0.5830767592097743
218.199775741 165.084 0.8331481831486087
220.181950622 163.548 -0.7109560947507134
222.164151683 164.075 -0.19533287258303744
224.146378927 164.604 0.3189199849907709
226.128632352 165.517 1.2137035466575412
228.110911961 164.15 -0.17508218576287504
230.093217752 164.338 -0.012538277366189732
232.075549727 163.868 -0.5117668603982679
234.057907886 163.664 -0.7488711343279135
236.04029223 164.079 -0.37095536602677726
238.02270276 164.538 0.046875110101751716
240.005139475 164.782 0.24551389202972018
241.987602376 163.488 -1.098146490118637
243.970091464 164.817 0.17678542582757473
245.95260674 164.425 -0.27379996605480983
247.935148203 163.848 -0.9140133398575756
249.917715854 164.366 -0.46396643809990223
251.900309695 165.814 0.9112279281453937
253.882929725 164.497 -0.4835441207398219
255.865575945 164.501 -0.5623975332370037
257.848248355 164.961 -0.19044832671977474
