vel Tant_raw Tant_corr
-168.530470447 170.764 0.8444771188380855
-166.553338822 170.658 0.6934712203907054
-164.576181116 173.529 3.5189395178728375
-162.598997329 170.364 0.3079240077906604
-160.621787459 170.613 0.5104661504009869
-158.644551506 171.537 1.3876068697335313
-156.667289471 171.213 1.0163865534979095
-154.690001351 171.678 1.4338450528927353
-152.712687147 171.2 0.9080216827258027
-150.735346858 170.498 0.15795522119955763
-148.757980484 175.061 4.67268390991228
-146.780588024 169.979 -0.4577545462614978
-144.803169477 169.939 -0.5463229792177913
-142.825724844 170.863 0.3290152423552115
-140.848254123 170.261 -0.3217037872169044
-138.870757314 170.028 -0.6034445105427722
-136.893234417 169.884 -0.796171907285526
-134.915685431 169.928 -0.80085149425841
-132.938110355 170.348 -0.42944932547123926
-130.960509189 174.108 3.2820680078231703
-128.982881933 170.202 -0.6722666229667595
-127.005228585 170.293 -0.6294208838911572
-125.027549147 170.102 -0.868362978383658
-123.049843616 172.823 1.8049383524488292
-121.072111992 170.13 -0.9354861700506945
-119.094354276 169.932 -1.1806063622097156
-117.116570465 169.227 -1.9323925782162235
-115.138760561 171.156 -0.04981570997588847
-113.160924562 169.531 -1.7208471873963163
-111.183062468 170.246 -1.0514589783166173
-109.205174278 170.604 -0.7386235886486645
-107.227259991 175.042 3.654685937575266
-105.249319609 170.716 -0.7155039818018167
-103.271353129 170.292 -1.1831674673124155
-101.293360551 170.886 -0.6322791777556063
-99.3153418746 169.59 -1.9708143103449913
-97.3372970997 170.453 -1.1497486007645819
-95.3592262255 170.907 -0.7370583232611807
-93.3811292514 171.114 -0.5707202906961015
-91.4030061771 171.445 -0.27971185461467485
-89.4248570018 174.904 3.139989094666248
-87.4466817252 171.015 -0.7875958719926643
-85.4684803468 171.509 -0.3314457226385912
-83.4902528658 172.276 0.39846003570062294
-81.511999282 174.327 2.4131413569623135
-79.5337195948 172.759 0.809617655958732
-77.5554138036 172.742 0.7579078083136039
-75.5770819079 172.981 0.9630301503924557
-73.5987239072 173.505 1.4540024792296151
-71.620339801 173.389 1.3058420524569385
-69.6419295888 173.101 0.9865655882324518
-67.6634932701 173.1 0.9551892651691674
-65.6850308443 172.383 0.20872872226232175
-63.706542311 177.956 5.7531990588224176
-61.7280276695 174.519 2.288614834396924
-59.7494869195 174.896 2.6389900687085515
-57.7709200603 172.946 0.6633382415731148
-55.7923270915 174.208 1.9006722928375268
-53.8137080125 175.237 2.9060046223019924
-51.8350628228 175.117 2.763347089652541
-49.856391522 174.867 2.4917110143893524
-47.8776941095 179.295 6.899107175752135
-45.8989705847 176.309 3.89354581265124
-43.9202209472 175.319 2.8850366235980687
-41.9414451964 176.585 4.133588766629828
-39.9626433319 180.199 7.731210859241827
-37.9838153531 179.748 7.264910978312571
-36.0049612595 180.302 7.8046966600350345
-34.0260810505 182.995 10.484574899843665
-32.0471747257 185.95 13.427552152345015
-30.0682422846 189.223 16.689634331244235
-28.0892837265 192.004 19.46082680927333
-26.1102990511 194.397 21.845134418123024
-24.1312882577 197.421 24.861561448367098
-22.152251346 206.005 33.43911164939459
-20.1731883153 203.84 31.268788229335257
-18.1940991651 208.386 35.810593854990344
-16.214983895 213.098 40.51953065176056
-14.2358425043 217.931 45.350600203573805
-12.2566749927 224.573 51.99180355281479
-10.2774813595 231.225 58.64414120025282
-8.29826160422 235.587 63.00761310497066
-6.31901572646 235.427 62.85021868429274
-4.33974372559 223.361 50.78795681371412
-2.36044560107 224.041 51.4728258268286
-0.381121352518 229.757 57.1948235152569
1.59822902071 227.941 55.38594712857619
3.57760551906 222.845 50.29819337424735
5.55700814311 212.133 39.59555841754448
7.53643689336 207.058 34.53103788148246
9.51589177026 201.796 29.280626846745577
11.4953727744 198.23 25.72731985161687
13.4748799063 192.754 20.265110891905522
15.4544131664 189.761 17.286993420875064
17.4339725553 184.613 12.154960349173479
19.4135580735 188.212 15.771004044759735
21.3931697215 180.512 8.089116332833044
23.3728074998 178.071 5.667288495760971
25.352471409 177.238 4.854511273009109
27.3321614495 175.56 3.1977748610663355
29.3118776219 174.966 2.6260689133772246
31.2916199267 173.939 1.6223825402674095
33.2713883643 172.709 0.4167043088716582
35.2511829355 172.181 -0.0859777569315554
37.2310036406 174.525 2.2843238233971874
39.21085048 171.773 -0.4404040130062583
41.1907234546 171.075 -1.110174872475227
43.1706225645 171.906 -0.2500029049022032
45.1505478106 175.609 0.0
47.1304991932 170.54 -1.5548898063321985
49.1104767127 170.562 -1.5009796934980386
51.0904803699 171.589 -0.4411887900756426
53.0705101651 170.544 -1.4525339647698843
55.050566099 170.958 -1.0040326302571145
57.030648172 171.285 -0.6417027432684961
59.0107563846 170.988 -0.9025628046551617
60.9908907374 171.144 -0.7096318594595914
62.9710512308 175.85 0.0
64.9512378655 171.96 0.18252414910205061
66.9314506418 171.651 -0.08729159923277052
68.9116895603 171.487 -0.21139796453061876
70.8919546217 172.518 0.8601832861255048
72.8722458262 171.353 -0.26357015898145164
74.8525631746 171.574 -0.0006811562518578285
76.8329066673 171.701 0.1688268931381458
78.8132763047 172.916 1.4269300431731722
80.7936720875 171.036 -0.4093961970667692
82.7740940161 170.831 -0.5701768634911559
84.7545420911 170.998 -0.35843753705955805
86.735016313 174.31 0.0
88.7155166823 170.265 -1.000503955180477
90.6960431995 171.076 -0.1433635875767152
92.6765958652 171.411 0.2381889970541522
94.6571746798 170.694 -0.43187450860318677
96.6377796439 170.324 -0.7545829573450646
98.6184107579 170.223 -0.8079657475302895
100.599068023 170.5 -0.4830528231278777
102.579751438 171.469 0.5341253261336192
104.560461005 173.836 0.0
106.541196725 170.481 -0.35684738832517837
108.521958596 170.79 0.0009380393766491579
110.502746621 170.601 -0.13913872521274584
112.4835608 184.657 0.0
114.464401132 174.603 0.0
116.44526762 183.252 0.0
118.426160262 171.617 1.0732597154103871
120.40707906 170.692 0.1973627764218122
122.388024015 170.431 -0.014603863928272176
124.368995126 169.906 -0.49067670282659037
126.349992394 170.482 0.13410721602511444
128.33101582 170.047 -0.25228969771168863
130.312065405 175.344 0.0
132.293141148 169.961 -0.24177911796925855
134.274243051 170.331 0.17605046097719423
136.255371113 170.102 -0.0054566218982188275
138.236525336 171.401 1.3406593088266732
140.217705719 169.681 -0.3326426185660978
142.198912264 170.04 0.0725961771357504
144.180144971 169.491 -0.43066627011535275
146.16140384 172.19 2.3135275263485653
148.142688873 170.051 0.21913450588414207
150.124000068 169.737 -0.05088893967081276
152.105337428 169.602 -0.1425869658677641
154.086700952 173.233 0.0
156.068090641 170.166 0.5058138793590103
158.049506496 170.427 0.8078217014366089
160.030948517 169.86 0.2809728439709147
162.012416704 169.633 0.0932204127592513
163.993911059 168.896 -0.6054830342952755
165.975431581 169.6 0.13581451264624889
167.956978271 169.141 -0.2869354846158103
169.93855113 168.936 -0.456782112431938
171.920150158 173.034 0.0
173.901775355 169.153 -0.17296434638106462
175.883426723 169.324 0.029599133385630694
177.865104262 168.784 -0.4801358457816889
179.846807972 171.803 2.5677788879185357
181.828537853 168.863 -0.3447090422934025
183.810293907 169.351 0.1693474381748672
185.792076134 169.024 -0.13310514483976021
187.773884534 169.966 0.83187918570178
189.755719108 168.537 -0.5757541420209122
191.737579856 169.704 0.6109397512169039
193.719466779 168.745 -0.3300948043655296
195.701379877 168.58 -0.4789140276465389
197.683319151 173.567 0.0
199.665284602 170.118 1.0858659013411227
201.64727623 169.437 0.41534986976924415
203.629294035 169.736 0.7228188026769544
205.611338018 170.491 1.4842137346686286
207.59340818 169.041 0.0384751508248371
209.57550452 169.796 0.7955429866291865
211.55762704 169.336 0.335356627903991
213.539775741 170.961 1.9578549107279741
215.521950622 169.029 0.020976121372854095
217.504151683 170.148 1.1326579962304208
219.486378927 168.906 -0.11916227827705939
221.468632352 172.719 0.0
223.450911961 171.935 0.0
225.433217752 168.637 -0.4332723844765951
227.415549727 168.703 -0.38774039373728897
229.397907886 168.372 -0.7420328720568534
231.38029223 168.694 -0.44621593426035133
233.36270276 168.813 -0.3563562456374143
235.345139475 168.904 -0.29752102198085595
237.327602376 168.692 -0.5447780297178042
239.310091464 171.445 0.0
241.29260674 169.317 0.00015744143811957656
243.275148203 168.29 -1.0717883661754684
245.257715854 169.557 0.1468970216228911
247.240309695 171.973 0.0
249.222929725 169.337 -0.1801212498219229
251.205575945 169.282 -0.29396760331491123
253.188248355 169.461 -0.17746815008749195
