vel Tant_raw Tant_corr
-167.700470447 168.324 -0.032355554345400606
-165.723338822 167.927 -0.3967938763771315
-163.746181116 170.43 2.1365482645379075
-161.768997329 168.742 0.4767267393612542
-159.791787459 168.253 0.013796884489494232
-157.814551506 168.474 0.2588135016264346
-155.837289471 169.082 0.8888308577333532
-153.860001351 168.368 0.19490268501118635
-151.882687147 168.088 -0.06691781925937335
-149.905346858 167.623 -0.5155779927228252
-147.927980484 170.888 2.7639742919501487
-145.950588024 168.349 0.23779062700845088
-143.973169477 167.877 -0.22307793045982294
-141.995724844 166.502 -1.588580858607088
-140.018254123 168.01 -0.07266817087085542
-138.040757314 167.521 -0.5552904160708181
-136.063234417 167.267 -0.8043986784677486
-134.085685431 166.594 -1.4739445778331515
-132.108110355 166.715 -1.3508802695243958
-130.130509189 169.985 1.91984155544435
-128.152881933 166.322 -1.74373232966596
-126.175228585 167.33 -0.7375556873927565
-124.197549147 167.103 -0.9675828161380764
-122.219843616 168.988 0.9132314497509526
-120.242111992 167.795 -0.2850682600798393
-118.264354276 166.871 -1.215437852060802
-116.286570465 167.162 -0.9318337687872713
-114.308760561 167.331 -0.771212989060075
-112.330924562 167.333 -0.7785330279887432
-110.353062468 167.436 -0.6857519370399814
-108.375174278 167.155 -0.9778283041211182
-106.397259991 171.492 3.347278746352714
-104.419319609 167.478 -0.6793904465923504
-102.441353129 167.325 -0.8457960806102278
-100.463360551 168.261 0.07610110994352226
-98.4853418746 167.349 -0.8506601460798322
-96.5072970997 167.32 -0.8950416566885906
-94.5292262255 167.462 -0.7690057668292809
-92.5511292514 167.131 -1.116515358451153
-90.5730061771 167.949 -0.31553385057605965
-88.5948570018 171.066 2.783974800623639
-86.6166817252 167.917 -0.38295389823733217
-84.6384803468 168.503 0.1847150221657614
-82.6602528658 168.262 -0.07498400620465873
-80.681999282 169.774 1.4179829111889148
-78.7037195948 168.797 0.42164913137875715
-76.7254138036 168.975 0.5800474738242372
-74.7470819079 168.48 0.06521022034200996
-72.7687239072 170.113 1.678169115033711
-70.790339801 169.22 0.764955364214984
-68.8119295888 169.736 1.2605996363442387
-66.8334932701 168.994 0.4981320619516225
-64.8550308443 168.975 0.458582233566716
-62.876542311 173.011 4.473979205650579
-60.8980276695 170.376 1.818351494519419
-58.9194869195 169.539 0.9607270782805131
-56.9409200603 170.465 1.866133396753014
-54.9623270915 171.217 2.5975973514038344
-52.9837080125 172.243 3.6031453052712266
-51.0050628228 171.16 2.4998030828970172
-49.026391522 171.401 2.7205959702549762
-47.0476941095 175.645 6.944548714676756
-45.0689705847 173.936 5.215685524782799
-43.0902209472 174.388 5.648030070413
-41.1114451964 175.155 6.395605482551474
-39.1326433319 177.473 8.694434353259311
-37.1538153531 179.47 10.672538735599403
-35.1749612595 180.105 11.288940143568112
-33.1960810505 182.09 13.255659552022223
-31.2171747257 184.318 15.465717396610216
-29.2382422846 187.886 19.01613357369837
-27.2592837265 189.163 20.275927440298773
-25.2802990511 192.204 23.300117814003045
-23.3012882577 194.939 26.018722972904214
-21.322251346 202.209 33.27276065553232
-19.3431883153 200.408 31.456248060776232
-17.3640991651 204.463 35.49620184781753
-15.384983895 207.634 38.652638136058016
-13.4058425043 213.683 44.687572505045694
-11.4266749927 219.821 50.812019994408274
-9.44748135949 227.445 58.42299510377623
-7.46826160422 230.315 61.28051179271617
-5.48901572646 225.031 55.98458348065762
-3.50974372559 214.68 45.62222304682041
-1.53044560107 222.199 53.1304428301452
0.448878647482 227.733 58.65425462922215
2.42822902071 225.552 56.463669702217544
4.40760551906 221.515 52.41769876680459
6.38700814311 213.438 44.332352000090566
8.36643689336 208.678 39.56463903854629
10.3458917703 203.053 33.93256897793441
12.3253727744 198.646 29.51915037323795
14.3048799063 193.744 24.611391238588368
16.2844131664 188.744 19.606299047195392
18.2639725553 184.953 15.810880731274239
20.2435580735 185.263 16.117142681974997
22.2231697215 179.554 10.405090749310972
24.2028074998 176.998 7.846730242087091
26.182471409 175.385 6.232065927828444
28.1621614495 174.283 5.129102032709113
30.1418776219 173.054 3.899842241480229
32.1216199267 172.38 3.226289697398755
34.1013883643 171.616 2.4634470021559878
36.0811829355 170.596 1.4453162158060877
38.0610036406 172.529 3.3808988566943015
40.04085048 169.366 0.22119590138549938
42.0207234546 168.75 -0.3907922154064636
44.0006225645 169.264 0.12793439910771554
45.9805478106 171.251 2.120375095723972
47.9604991932 168.015 -1.1094713168293993
49.9404767127 168.596 -0.5216065719620531
51.9204803699 169.253 0.14296705470820825
53.9005101651 168.614 -0.48775325471910946
55.880566099 168.508 -0.5847708604958086
57.860648172 168.792 -0.29108966529904023
59.8407563846 168.315 -0.7577141143014217
61.8208907374 168.102 -0.9596491952424913
63.8010512308 171.89 0.0
65.7812378655 168.601 -0.43647391716828565
67.7614506418 167.743 -1.2813762471147925
69.7416895603 168.708 -0.30261458706675626
71.7219546217 168.604 -0.39219663867416443
73.7022458262 168.886 -0.095130646587819
75.6825631746 168.47 -0.4954253985228263
77.6629066673 169.302 0.3529097746621517
79.6432763047 169.946 0.0
81.6236720875 168.197 -0.7175701431726225
83.6040940161 168.317 -0.5794066122546724
85.5845420911 167.841 -1.0366559124853438
87.565016313 171.507 0.0
89.5455166823 168.196 -0.6424417405043243
91.5260431995 168.21 -0.6080039943464328
93.5065958652 168.044 -0.7530305315872852
95.4871746798 168.147 -0.6285355745756647
97.4677796439 168.561 -0.192533889515488
99.4484107579 167.998 -0.7330407865421478
101.429068023 168.262 -0.44607211978254213
103.409751438 169.851 1.166355712535733
105.390461005 171.311 0.0
107.371196725 167.589 -1.047479439713527
109.351958596 168.202 -0.40977794172962945
111.332746621 168.197 -0.3896883131538118
113.3135608 184.14 0.0
115.294401132 166.162 -2.373421687355716
117.27526762 181.38 0.0
119.256160262 169.338 0.8551609460342036
121.23707906 169.142 0.6858935416642851
123.218024015 167.337 -1.092108618980319
125.198995126 168.471 0.06913207633627394
127.179992394 167.414 -0.9604073050570605
129.16101582 168.27 -0.07675024083712856
131.142065405 171.657 0.0
133.123141148 167.814 -0.4769434117531546
135.104243051 167.807 -0.45584332793296767
137.085371113 168.024 -0.21064616074522746
139.066525336 167.954 -0.2523781139600203
141.047705719 167.077 -1.1010659368272115
143.028912264 168.04 -0.1097369240629007
145.010144971 167.815 -0.3064189159927082
146.99140384 169.759 1.6658597014049974
148.972688873 167.778 -0.2869300035444269
150.954000068 167.678 -0.35881750836921356
152.935337428 167.429 -0.5798328363950418
154.916700952 169.938 0.0
156.898090641 167.24 -0.7133697853258809
158.879506496 167.93 0.004045817070419844
160.860948517 168.145 0.24620804268212737
162.842416704 168.144 0.27208413771927553
164.823911059 167.434 -0.41135919788129627
166.805431581 167.526 -0.2931558105954082
168.786978271 167.962 0.16865990668381414
170.76855113 167.54 -0.2279469854532863
172.750150158 169.945 0.0
174.731775355 167.147 -0.5715710886791783
176.713426723 167.025 -0.6696609118167203
178.695104262 167.163 -0.5083185686374918
180.676807972 168.694 1.0454182677754034
182.658537853 167.264 -0.36248862260873693
184.640293907 166.606 -0.9990780068190475
186.622076134 166.624 -0.9603891989994509
188.603884534 167.662 0.09753793954223511
190.585719108 167.063 -0.4823369997279201
192.567579856 166.966 -0.5610549726621343
194.549466779 166.79 -0.7196574824839104
196.531379877 167.43 -0.06318657987827692
198.513319151 170.517 0.0
200.495284602 167.228 -0.23519547778786887
202.47727623 166.704 -0.7457621175778684
204.459294035 167.493 0.05557097636781805
206.441338018 168.364 0.9377590150268418
208.42340818 167.105 -0.31124333850956987
210.40550452 167.567 0.15951803088299243
212.38762704 167.643 0.24299669031344706
214.369775741 168.536 1.1421456587824537
216.351950622 167.348 -0.04108259288884142
218.334151683 166.794 -0.5917361421197427
220.316378927 167.234 -0.1498636146444028
222.298632352 169.809 2.4254858154061765
224.280911961 169.374 1.9892624254410975
226.263217752 166.854 -0.5335840556639653
228.245549727 166.49 -0.9021044476429267
230.227907886 167.021 -0.37735011890652004
232.21029223 166.821 -0.5853729866196318
234.19270276 167.223 -0.19322551677242927
236.175139475 167.087 -0.3409607242401478
238.157602376 167.572 0.1303678271252977
240.140091464 168.839 1.3817060244296329
242.12260674 166.783 -0.6920007943357973
244.105148203 166.83 -0.6648078403454178
246.087715854 167.1 -0.4167708740475007
248.070309695 169.073 1.5320537947656874
250.052929725 166.93 -0.6373906930648161
252.035575945 167.092 -0.5041617461949386
254.018248355 166.415 -1.212317322812794
