#lon vel Tant_corr
0.0 -168.400470447 -0.005777814760023148
0.0 -166.423338822 0.8304348509923045
0.0 -164.446181116 0.11687390582500257
0.0 -162.468997329 0.18956611863566764
0.0 -160.491787459 -0.3164620566852818
0.0 -158.514551506 0.23581551869239092
0.0 -156.537289471 -0.08057533149792562
0.0 -154.560001351 0.0
0.0 -152.582687147 0.0
0.0 -150.605346858 -0.011504925409440148
0.0 -148.627980484 0.09468245612347914
0.0 -146.650588024 -0.09067419712633296
0.0 -144.673169477 -0.4095509528740422
0.0 -142.695724844 -0.1959241942226413
0.0 -140.718254123 -0.05377061970480668
0.0 -138.740757314 0.4839327566755003
0.0 -136.763234417 -0.25679139459830935
0.0 -134.785685431 0.5970792814015908
0.0 -132.808110355 -0.6824331759939923
0.0 -130.830509189 -0.23630704309132966
0.0 -128.852881933 0.2174790881234685
0.0 -126.875228585 -0.7050536900609075
0.0 -124.897549147 -0.19188460111229233
0.0 -122.919843616 -0.5389931843132274
0.0 -120.942111992 0.24564070521205394
0.0 -118.964354276 -0.5849631035470111
0.0 -116.986570465 -0.6437850975409845
0.0 -115.008760561 -0.20480607968107734
0.0 -113.030924562 0.11799283109752423
0.0 -111.053062468 0.12363019980836043
0.0 -109.075174278 0.3231242753645631
0.0 -107.097259991 -0.01450700946077177
0.0 -105.119319609 0.0
0.0 -103.141353129 -0.6270755100920553
0.0 -101.163360551 -0.16397844142926488
0.0 -99.1853418746 0.23806183571912243
0.0 -97.2072970997 -0.3239383271966574
0.0 -95.2292262255 0.19703710488067827
0.0 -93.2511292514 -0.17699614942321773
0.0 -91.2730061771 0.3839773120437542
0.0 -89.2948570018 0.32197257491606024
0.0 -87.3166817252 0.017004408271816374
0.0 -85.3384803468 0.3630872645886427
0.0 -83.3602528658 -0.2157647202984947
0.0 -81.381999282 -0.04253772723623683
0.0 -79.4037195948 0.588781746202045
0.0 -77.4254138036 -0.0767931143241185
0.0 -75.4470819079 -0.29224943996419483
0.0 -73.4687239072 -0.025574678718555788
0.0 -71.490339801 0.15124340451950502
0.0 -69.5119295888 0.0022167279219047487
0.0 -67.5334932701 0.10635689268397641
0.0 -65.5550308443 -0.3423248170178397
0.0 -63.576542311 0.7121825659330341
0.0 -61.5980276695 0.7158896915500463
0.0 -59.6194869195 1.4268068927034392
0.0 -57.6409200603 0.07994418507635714
0.0 -55.6623270915 0.6773112671245087
0.0 -53.6837080125 1.287917520033261
0.0 -51.7050628228 1.6487720076762855
0.0 -49.726391522 0.9538834765735373
0.0 -47.7476941095 2.2752603558489852
0.0 -45.7689705847 3.1389107571889383
0.0 -43.7902209472 2.6108424748003074
0.0 -41.8114451964 3.600062985368254
0.0 -39.8326433319 4.892579448014573
0.0 -37.8538153531 5.021398704255603
0.0 -35.8749612595 6.232527277960145
0.0 -33.8960810505 7.179971375307787
0.0 -31.9171747257 8.125736884746772
0.0 -29.9382422846 10.491829376952097
0.0 -27.9592837265 12.578254104783497
0.0 -25.9802990511 15.019016003243394
0.0 -24.0012882577 16.427119689435187
0.0 -22.022251346 19.564569462520865
0.0 -20.0431883153 24.34136930367947
0.0 -18.0640991651 30.551522876064922
0.0 -16.084983895 39.660033524763605
0.0 -14.1058425043 48.20590427675333
0.0 -12.1266749927 58.145137840860144
0.0 -10.1474813595 57.410736607717524
0.0 -8.16826160422 47.029702649723475
0.0 -6.18901572646 41.47603772099862
0.0 -4.20974372559 45.04674325734479
0.0 -2.23044560107 46.971820376202515
0.0 -0.251121352518 41.649269876608656
0.0 1.72822902071 34.77909223915543
0.0 3.70760551906 28.02628762594719
0.0 5.68700814311 21.46585588055936
0.0 7.66643689336 16.318796527995715
0.0 9.64589177026 13.261108774646374
0.0 11.6253727744 10.544791508246476
0.0 13.6048799063 9.219843297833336
0.0 15.5844131664 7.255262393704328
0.0 17.5639725553 5.508046727375785
0.0 19.5435580735 5.524193911539925
0.0 21.5231697215 3.6757012400230167
0.0 23.5028074998 3.772565687743537
0.0 25.482471409 2.244783910670492
0.0 27.4621614495 1.3423522457796082
0.0 29.4418776219 1.488266711013722
0.0 31.4216199267 0.975523005238756
0.0 33.4013883643 0.5331165082017435
0.0 35.3811829355 0.010042280491489919
0.0 37.3610036406 0.4022950634915219
0.0 39.34085048 0.13486927934098958
0.0 41.3207234546 0.3477590308955314
0.0 43.3006225645 -0.23004189832323618
0.0 45.2805478106 0.16445995584055595
0.0 47.2604991932 0.7132577381255203
0.0 49.2404767127 0.0
0.0 51.2204803699 -0.29428793129957853
0.0 53.2005101651 -0.700646690973997
0.0 55.180566099 -0.5007401385400669
0.0 57.160648172 0.22842327304363153
0.0 59.1407563846 -0.35816522884675805
0.0 61.1208907374 -0.2445147365425271
0.0 63.1010512308 -0.424634662126806
0.0 65.0812378655 0.7954652625271592
0.0 67.0614506418 -0.2952250142917592
0.0 69.0416895603 -0.3997158641691385
0.0 71.0219546217 -0.40601797860858824
0.0 73.0022458262 -0.8261423690792356
0.0 74.9825631746 -0.13910036704845652
0.0 76.9629066673 -0.24490362403258814
0.0 78.9432763047 -0.26456411163576377
0.0 80.9236720875 0.0
0.0 82.9040940161 -0.18050626579997697
0.0 84.8845420911 -0.2898134763861151
0.0 86.865016313 -0.4280290057242837
0.0 88.8455166823 -0.19316642648959714
0.0 90.8260431995 -0.18823963169816693
0.0 92.8065958652 0.06373716525149575
0.0 94.7871746798 0.16874943053366565
0.0 96.7677796439 0.43678230985665323
0.0 98.7484107579 -0.22317937158291556
0.0 100.729068023 0.4108488908667596
0.0 102.709751438 0.527851281241027
0.0 104.690461005 -0.0981883370311607
0.0 106.671196725 0.17771357878990557
0.0 108.651958596 -0.4574597493040642
0.0 110.632746621 0.544274579960188
0.0 112.6135608 0.0
0.0 114.594401132 0.0
0.0 116.57526762 0.0
0.0 118.556160262 0.0
0.0 120.53707906 0.013940171542856206
0.0 122.518024015 -0.019256596897150757
0.0 124.498995126 0.37732561583609936
0.0 126.479992394 -0.5823328566316093
0.0 128.46101582 0.9357479981812276
0.0 130.442065405 0.7525478715696465
0.0 132.423141148 0.28504613358424535
0.0 134.404243051 0.3782218330284195
0.0 136.385371113 0.27905369736919283
0.0 138.366525336 -0.051479867259217826
0.0 140.347705719 0.48259922385742016
0.0 142.328912264 0.0
0.0 144.310144971 0.09550610501142387
0.0 146.29140384 -0.05571154287810032
0.0 148.272688873 0.5655925890659148
0.0 150.254000068 -0.3236050220709501
0.0 152.235337428 -0.29032822082476173
0.0 154.216700952 -0.6536011734494593
0.0 156.198090641 -0.2454483679240127
0.0 158.179506496 -0.7228946140067762
0.0 160.160948517 -0.38396504328255787
0.0 162.142416704 -0.23968510919897312
0.0 164.123911059 -0.21308058710189925
0.0 166.105431581 -0.19717757429742733
0.0 168.086978271 -0.579002490074572
0.0 170.06855113 0.16641792424380242
0.0 172.050150158 -0.02994339474363983
0.0 174.031775355 0.0
0.0 176.013426723 -0.29912109686716803
0.0 177.995104262 0.06500678243884295
0.0 179.976807972 0.0032414532357165626
0.0 181.958537853 -0.695445758890088
0.0 183.940293907 -0.639083850682141
0.0 185.922076134 -0.33770214125735265
0.0 187.903884534 -0.11833027214643721
0.0 189.885719108 -0.5319982073384324
0.0 191.867579856 -0.3607362333204662
0.0 193.849466779 0.5834250408759374
0.0 195.831379877 0.02845468363756254
0.0 197.813319151 -0.4716785592791837
0.0 199.795284602 -0.28600626478851154
0.0 201.77727623 0.7084396674878803
0.0 203.759294035 0.3406270151750448
0.0 205.741338018 0.15752323309570215
0.0 207.72340818 0.16309545323176167
0.0 209.70550452 0.701310484698837
0.0 211.68762704 0.49113481366529754
0.0 213.669775741 0.7535346033382666
0.0 215.651950622 0.4094756939352351
0.0 217.634151683 0.12092360261507906
0.0 219.616378927 0.48284352340806436
0.0 221.598632352 -0.05179967273585362
0.0 223.580911961 -0.1300414381062467
0.0 225.563217752 0.14408245184998236
0.0 227.545549727 0.22253589836864762
0.0 229.527907886 0.3422824794062649
0.0 231.51029223 0.18428544955472148
0.0 233.49270276 0.33350774001249306
0.0 235.475139475 0.7149119585796768
0.0 237.457602376 0.12246038954543792
0.0 239.440091464 0.1251149936778404
0.0 241.42260674 0.2848374081811187
0.0 243.405148203 -0.44841105330124265
0.0 245.387715854 0.06633059918564754
0.0 247.370309695 -0.700976968119619
0.0 249.352929725 -0.8183734126390334
0.0 251.335575945 -0.24989871561683685
0.0 253.318248355 -0.6285931820884798
10.0 -166.880470447 0.5477038768756302
10.0 -166.140470447 0.16476778515698243
10.0 -164.903338822 -2.06060986286559
10.0 -164.163338822 0.4679542501354206
10.0 -162.926181116 -0.02204692347916648
10.0 -162.186181116 0.006410352910194206
10.0 -160.948997329 -0.15441813337332633
10.0 -160.208997329 -0.8618208613046079
10.0 -158.971787459 -1.1275360797542646
10.0 -158.231787459 -0.2956967595921185
10.0 -156.994551506 -0.7262151090969837
10.0 -156.254551506 -0.5221751214310473
10.0 -155.017289471 0.25372867270601773
10.0 -154.277289471 -0.12021413873435449
10.0 -153.040001351 0.11347740034216258
10.0 -152.300001351 0.7592275841371929
10.0 -151.062687147 -0.3697885515383348
10.0 -150.322687147 0.9021910302517426
10.0 -149.085346858 0.43910943172880934
10.0 -148.345346858 0.11371677010231451
10.0 -147.107980484 1.853348204457177
10.0 -146.367980484 -0.15415503847077616
10.0 -145.130588024 0.5681028604515745
10.0 -144.390588024 -0.11238465032204203
10.0 -143.153169477 2.3625467327322554
10.0 -142.413169477 -0.09293273306275296
10.0 -141.175724844 0.19185139325679756
10.0 -140.435724844 0.24323963287787365
10.0 -139.198254123 -1.164813347183724
10.0 -138.458254123 0.09317095421778276
10.0 -137.220757314 -0.6382794393275049
10.0 -136.480757314 0.038899324747603714
10.0 -135.243234417 0.2096194043822095
10.0 -134.503234417 -0.3315375747148721
10.0 -133.265685431 0.7630477095752326
10.0 -132.525685431 0.45289752362140234
10.0 -131.288110355 0.6311682396982121
10.0 -130.548110355 -0.5707585255369736
10.0 -129.310509189 2.0381419957757885
10.0 -128.570509189 0.08353071937736445
10.0 -127.332881933 -0.029871783806441954
10.0 -126.592881933 -0.19219871325989857
10.0 -125.355228585 -1.2627156235328698
10.0 -124.615228585 0.3090887916780787
10.0 -123.377549147 -0.9762338110092514
10.0 -122.637549147 0.08342843601940331
10.0 -121.399843616 0.2617276028212814
10.0 -120.659843616 -0.1001449917704349
10.0 -119.422111992 -0.04667919656881736
10.0 -118.682111992 0.34540288336526714
10.0 -117.444354276 -0.9103037875062796
10.0 -116.704354276 -0.2008939769793585
10.0 -115.466570465 0.05800248761175908
10.0 -114.726570465 -0.022002024742050708
10.0 -113.488760561 0.3963865221466847
10.0 -112.748760561 0.31111187457798906
10.0 -111.510924562 0.6459934449142963
10.0 -110.770924562 -0.1375195581615003
10.0 -109.533062468 -0.6420333799963771
10.0 -108.793062468 0.1621359842184802
10.0 -107.555174278 0.2244476465112939
10.0 -106.815174278 0.2061103951527059
10.0 -105.577259991 1.058576358317822
10.0 -104.837259991 0.002435154280419738
10.0 -103.599319609 -0.4815091760856376
10.0 -102.859319609 -0.30585867259327415
10.0 -101.621353129 -0.01967265398027962
10.0 -100.881353129 -0.41474043359298207
10.0 -99.6433605507 -0.41777953851433836
10.0 -98.9033605507 -0.08417989078952814
10.0 -97.6653418746 0.25130294103757933
10.0 -96.9253418746 0.09085277973764505
10.0 -95.6872970997 -2.08929421101368
10.0 -94.9472970997 -0.22061301216837137
10.0 -93.7092262255 0.17955824303859913
10.0 -92.9692262255 0.007451729214778879
10.0 -91.7311292514 0.20298777404951807
10.0 -90.9911292514 -0.46592441456962774
10.0 -89.7530061771 -0.35087991420019193
10.0 -89.0130061771 -0.21671327620936154
10.0 -87.7748570018 1.425079114739475
10.0 -87.0348570018 -0.14488710268369687
10.0 -85.7966817252 0.5149870297826737
10.0 -85.0566817252 -0.2844185553111913
10.0 -83.8184803468 0.4499642320536168
10.0 -83.0784803468 -0.37928070980933626
10.0 -81.8402528658 -0.47487064535147283
10.0 -81.1002528658 -0.2894470563504683
10.0 -79.861999282 0.29459926243086443
10.0 -79.121999282 0.5211085003904259
10.0 -77.8837195948 -1.2355109482347189
10.0 -77.1437195948 0.20041164117324684
10.0 -75.9054138036 0.2049120502960875
10.0 -75.1654138036 0.10048763214086875
10.0 -73.9270819079 -0.8160201832829728
10.0 -73.1870819079 0.1213613247651324
10.0 -71.9487239072 -0.53219785946618
10.0 -71.2087239072 0.5860571557913943
10.0 -69.970339801 -0.18851295816972424
10.0 -69.230339801 -0.3014008528166414
10.0 -67.9919295888 -0.43585922896596685
10.0 -67.2519295888 0.1790109060684415
10.0 -66.0134932701 -0.05113219131737878
10.0 -65.2734932701 0.1753156246829235
10.0 -64.0350308443 -1.145229134814656
10.0 -63.2950308443 0.5065360803160104
10.0 -62.056542311 1.6889508806008564
10.0 -61.316542311 0.3796946352576924
10.0 -60.0780276695 -0.4194929756165209
10.0 -59.3380276695 0.7228132367395972
10.0 -58.0994869195 -0.31346330482361395
10.0 -57.3594869195 0.10091341688593047
10.0 -56.1209200603 -0.42686447945388295
10.0 -55.3809200603 0.5110162926519308
10.0 -54.1423270915 0.014397356775845083
10.0 -53.4023270915 0.8131425657747968
10.0 -52.1637080125 0.41041428861137774
10.0 -51.4237080125 1.275312522714671
10.0 -50.1850628228 1.0292766290386623
10.0 -49.4450628228 1.2805460346020539
10.0 -48.206391522 7.687072919049825
10.0 -47.466391522 1.6728625571832083
10.0 -46.2276941095 5.146889927396501
10.0 -45.4876941095 1.8932811307623467
10.0 -44.2489705847 4.0798126503637775
10.0 -43.5089705847 2.5488203801487543
10.0 -42.2702209472 6.70592431154364
10.0 -41.5302209472 3.2994985146031297
10.0 -40.2914451964 8.007306361584654
10.0 -39.5514451964 4.047333327779683
10.0 -38.3126433319 11.45003847797355
10.0 -37.5726433319 5.418342197674349
10.0 -36.3338153531 14.252198564784806
10.0 -35.5938153531 6.982542086566468
10.0 -34.3549612595 16.036862752458205
10.0 -33.6149612595 8.172949540966385
10.0 -32.3760810505 20.36010539755634
10.0 -31.6360810505 9.7635806915589
10.0 -30.3971747257 23.286999082541968
10.0 -29.6571747257 10.825451253150703
10.0 -28.4182422846 24.917614615531676
10.0 -27.6782422846 12.88957652461275
10.0 -26.4392837265 25.650021030057644
10.0 -25.6992837265 13.839971388825063
10.0 -24.4602990511 26.26328558485588
10.0 -23.7202990511 14.838650312625845
10.0 -22.4812882577 26.23947376360141
10.0 -21.7412882577 15.473627346750646
10.0 -20.502251346 29.784649274703497
10.0 -19.762251346 16.0059161257833
10.0 -18.5231883153 26.714874051041505
10.0 -17.7831883153 17.27352986809521
10.0 -16.5440991651 27.424208249752326
10.0 -15.8040991651 20.286481375794438
10.0 -14.564983895 30.430710251991655
10.0 -13.824983895 24.37878303467008
10.0 -12.5858425043 36.119436662685615
10.0 -11.8458425043 31.951446814134584
10.0 -10.6066749927 46.79144231031981
10.0 -9.86667499266 44.01648426717304
10.0 -8.62748135949 55.40178024667739
10.0 -7.88748135949 47.61890653028422
10.0 -6.64826160422 58.08150174662663
10.0 -5.90826160422 42.98272432342728
10.0 -4.66901572646 57.810656307877906
10.0 -3.92901572646 42.46794794996757
10.0 -2.68974372559 58.092291650742396
10.0 -1.94974372559 45.81958729661949
10.0 -0.710445601068 60.20045371790593
10.0 0.0295543989318 48.30765183339287
10.0 1.26887864748 60.77018667419608
10.0 2.00887864748 47.39615061353845
10.0 3.24822902071 63.09453290633459
10.0 3.98822902071 45.22109227349071
10.0 5.22760551906 63.55253302271663
10.0 5.96760551906 42.109485032815
10.0 7.20700814311 61.74522585316575
10.0 7.94700814311 38.30133669415102
10.0 9.18643689336 57.875648448705164
10.0 9.92643689336 33.58465464315856
10.0 11.1658917703 57.5868360813204
10.0 11.9058917703 30.360445848462263
10.0 13.1453727744 54.60782224372497
10.0 13.8853727744 27.02971686159634
10.0 15.1248799063 50.19763864912056
10.0 15.8648799063 23.62847381694914
10.0 17.1044131664 45.45331523097181
10.0 17.8444131664 19.611722431709154
10.0 19.0839725553 42.63388014276083
10.0 19.8239725553 15.955468005808683
10.0 21.0635580735 41.362359757759236
10.0 21.8035580735 13.821715421869527
10.0 23.0431697215 35.865778668790284
10.0 23.7831697215 11.858469145147694
10.0 25.0228074998 34.338159687994164
10.0 25.7628074998 10.098733223478177
10.0 27.002471409 30.66152384659074
10.0 27.742471409 8.32351128721973
10.0 28.9821614495 27.77289039464992
10.0 29.7221614495 7.24080654920013
10.0 30.9618776219 24.766276800849113
10.0 31.7018776219 7.09862180466061
10.0 32.9416199267 24.207698752243687
10.0 33.6816199267 5.540959431200918
10.0 34.9213883643 20.94717015403043
10.0 35.6613883643 4.927821388724368
10.0 36.9011829355 18.69270312930675
10.0 37.6411829355 4.123209219382176
10.0 38.8810036406 19.70130801884639
10.0 39.6210036406 3.5371240475188586
10.0 40.86085048 15.57899338085582
10.0 41.60085048 2.657566579616713
10.0 42.8407234546 15.548765990736342
10.0 43.5807234546 2.2545371042408533
10.0 44.8206225645 13.044630840860549
10.0 45.5606225645 1.517035491983762
10.0 46.8005478106 12.417591140322855
10.0 47.5405478106 1.842061195410679
10.0 48.7804991932 9.044648314715516
10.0 49.5204991932 0.9006132490036691
10.0 50.7604767127 8.848802005886995
10.0 51.5004767127 0.8406902691066875
10.0 52.7404803699 5.169050071706408
10.0 53.4804803699 0.5822904538712521
10.0 54.7205101651 3.5613885858315086
10.0 55.4605101651 0.5114115831995889
10.0 56.700566099 5.022811837470016
10.0 57.440566099 0.5250510186911299
10.0 58.680648172 2.6913123311458946
10.0 59.420648172 0.5342057035858829
10.0 60.6607563846 1.6928807864628084
10.0 61.4007563846 0.09487216271006105
10.0 62.6408907374 2.5205061378689493
10.0 63.3808907374 -0.3009534975791155
10.0 64.6210512308 2.5721755344209782
10.0 65.3610512308 0.020724410550542416
10.0 66.6012378655 1.425874339549523
10.0 67.3412378655 -0.197098843647467
10.0 68.5814506418 0.3805861308213139
10.0 69.3214506418 -0.49742840955599377
10.0 70.5616895603 0.8352926997058603
10.0 71.3016895603 -0.31026985524704287
10.0 72.5419546217 1.4799740513398945
10.0 73.2819546217 0.11737083246254087
10.0 74.5222458262 0.5326084042869752
10.0 75.2622458262 0.0464872479530527
10.0 76.5025631746 0.036172190309542884
10.0 77.2425631746 0.24407256675149824
10.0 78.4829066673 0.15264005412592496
10.0 79.2229066673 -0.19188045452810343
10.0 80.4632763047 0.4649848531769294
10.0 81.2032763047 -0.22137947823833315
10.0 82.4436720875 0.9681776573936816
10.0 83.1836720875 0.42256741424810684
10.0 84.4240940161 -0.2038122510444964
10.0 85.1640940161 -0.3740482775201599
10.0 86.4045420911 -1.6140173779406268
10.0 87.1445420911 -0.5322354731256667
10.0 88.385016313 1.1545279826806336
10.0 89.125016313 0.2789964886609084
10.0 90.3655166823 -0.9962122516617455
10.0 91.1055166823 0.12463784982591619
10.0 92.3460431995 -0.4512759521413159
10.0 93.0860431995 -0.48132156694251194
10.0 94.3265958652 -1.5517027788581856
10.0 95.0665958652 -0.9118923583090179
10.0 96.3071746798 -1.8595341810801642
10.0 97.0471746798 0.5289144596515598
10.0 98.2877796439 -1.0968133974720047
10.0 99.0277796439 0.5350874514015516
10.0 100.268410758 1.1394145436635483
10.0 101.008410758 -0.32638523811684195
10.0 102.249068023 -0.8868971758406587
10.0 102.989068023 -0.3945158835331597
10.0 104.229751438 -0.8077971642972273
10.0 104.969751438 -0.22631717912085492
10.0 106.210461005 2.7796641796960273
10.0 106.950461005 0.5711977611832424
10.0 108.191196725 -0.08656533305810399
10.0 108.931196725 0.26501540369432064
10.0 110.171958596 -0.16253968264157947
10.0 110.911958596 0.3721217949070308
10.0 112.152746621 -0.803314640077474
10.0 112.892746621 0.0
10.0 114.1335608 2.4760522322550855
10.0 114.8735608 0.0
10.0 116.114401132 -1.3174984195745196
10.0 116.854401132 0.0
10.0 118.09526762 0.3129722588390962
10.0 118.83526762 0.0
10.0 120.076160262 1.390401329779678
10.0 120.816160262 0.0
10.0 122.05707906 0.8927240633964004
10.0 122.79707906 0.0
10.0 124.038024015 -0.3901260626560088
10.0 124.778024015 -0.06330877807374691
10.0 126.018995126 0.311782636516881
10.0 126.758995126 -0.3834451164156292
10.0 127.999992394 -0.3756199470815318
10.0 128.739992394 -0.12543718737501308
10.0 129.98101582 2.4665942853729916
10.0 130.72101582 0.0
10.0 131.962065405 0.8683516392892159
10.0 132.702065405 0.3389384344961286
10.0 133.943141148 -0.35142337363251386
10.0 134.683141148 -0.12173144293936389
10.0 135.924243051 0.5251919645023975
10.0 136.664243051 -0.39133219360772387
10.0 137.905371113 0.3681185773790787
10.0 138.645371113 0.026116346030278237
10.0 139.886525336 1.0112755944049354
10.0 140.626525336 0.5195939189147509
10.0 141.867705719 0.402580350303964
10.0 142.607705719 0.2760798472751844
10.0 143.848912264 -0.08705161494978597
10.0 144.588912264 0.7475530326310604
10.0 145.830144971 -0.8037065565109742
10.0 146.570144971 0.04399195568981895
10.0 147.81140384 0.5395274751574561
10.0 148.55140384 -0.2976253236900561
10.0 149.792688873 -0.932439365895732
10.0 150.532688873 -0.6163211665359256
10.0 151.774000068 -0.5306987215164725
10.0 152.514000068 -0.43811835487190365
10.0 153.755337428 -0.6423440294280454
10.0 154.495337428 -0.32004009169136793
10.0 155.736700952 0.1845294762788967
10.0 156.476700952 -0.3601100010952507
10.0 157.718090641 0.03982476507806609
10.0 158.458090641 -0.10335212829238571
10.0 159.699506496 -1.1305569902858963
10.0 160.439506496 -0.003790939673592675
10.0 161.680948517 0.4882835859392003
10.0 162.420948517 -0.3704513228758799
10.0 163.662416704 -0.24775592769555033
10.0 164.402416704 -0.42235858682863636
10.0 165.643911059 -0.07477975002598214
10.0 166.383911059 0.4534615382073923
10.0 167.625431581 -1.1408938976413765
10.0 168.365431581 0.13498290054215545
10.0 169.606978271 -0.2132061849916056
10.0 170.346978271 -0.010821072956559874
10.0 171.58855113 -1.234826224676965
10.0 172.32855113 -0.4559773769361186
10.0 173.570150158 0.7671345722916669
10.0 174.310150158 0.26548657237768225
10.0 175.551775355 -1.0214370037182334
10.0 176.291775355 0.39254293713364063
10.0 177.533426723 -0.5746559611553153
10.0 178.273426723 -0.17083654218595257
10.0 179.515104262 -0.38163910761099373
10.0 180.255104262 -0.3096805468510979
10.0 181.496807972 0.9884949499908089
10.0 182.236807972 -0.414018179923886
10.0 183.478537853 -0.02437419484292036
10.0 184.218537853 -0.14587896631394415
10.0 185.460293907 0.005631251623213984
10.0 186.200293907 -0.7172928528214584
10.0 187.442076134 -2.08761271695937
10.0 188.182076134 -1.0072902082194162
10.0 189.423884534 -0.20823190721924334
10.0 190.163884534 -0.3059018232949029
10.0 191.405719108 0.06064607371138209
10.0 192.145719108 -0.4891589108994481
10.0 193.387579856 -0.7631081820707379
10.0 194.127579856 -0.11709310601605694
10.0 195.369466779 1.131374116550603
10.0 196.109466779 0.5192635341959431
10.0 197.351379877 0.45595995944896117
10.0 198.091379877 0.18787853033549595
10.0 199.333319151 1.64451453504023
10.0 200.073319151 0.26671898071310807
10.0 201.315284602 0.0929012300319414
10.0 202.055284602 0.07275156129037441
10.0 203.29727623 -0.5470183708186767
10.0 204.03727623 -0.11905747437870673
10.0 205.279294035 0.1266155150690622
10.0 206.019294035 0.19425770480100368
10.0 207.261338018 0.9326608678629498
10.0 208.001338018 0.7186625074125459
10.0 209.24340818 0.353973865072561
10.0 209.98340818 0.07712191946728808
10.0 211.22550452 0.4824088813182925
10.0 211.96550452 0.165600504347168
10.0 213.20762704 0.023818488087471223
10.0 213.94762704 0.364062402756673
10.0 215.189775741 0.7100534534957603
10.0 215.929775741 0.8934713326594874
10.0 217.171950622 0.2679627420697841
10.0 217.911950622 0.6567905892261194
10.0 219.154151683 -0.5976064855040875
10.0 219.894151683 0.3789830447802558
10.0 221.136378927 0.27519112734336204
10.0 221.876378927 0.1750111487367576
10.0 223.118632352 0.6831991329252673
10.0 223.858632352 0.010836927556397313
10.0 225.100911961 1.1562592789285304
10.0 225.840911961 0.08642198467484263
10.0 227.083217752 -1.0497884916669307
10.0 227.823217752 0.28772750046815077
10.0 229.065549727 -0.45310604098284557
10.0 229.805549727 0.7007142321743061
10.0 231.047907886 0.14714296363138146
10.0 231.787907886 0.15634251385435505
10.0 233.03029223 -1.2672069507025583
10.0 233.77029223 -0.102427743673843
10.0 235.01270276 -0.13932306261077088
10.0 235.75270276 0.21036294711194614
10.0 236.995139475 -0.6913744566321895
10.0 237.735139475 0.7386736503966915
10.0 238.977602376 -0.5135320235836787
10.0 239.717602376 0.06546300694813567
10.0 240.960091464 -0.5789684607428569
10.0 241.700091464 0.38668923407101374
10.0 242.94260674 -0.6238582720864372
10.0 243.68260674 -0.22168987444888444
10.0 244.925148203 -0.991377768429544
10.0 245.665148203 -0.15071694837928362
10.0 246.907715854 0.3042949321593369
10.0 247.647715854 -0.41043504113426366
10.0 248.890309695 1.3389799041427466
10.0 249.630309695 -0.10888762982625622
10.0 250.872929725 1.1114954144981084
10.0 251.612929725 -1.0431186152737837
10.0 252.855575945 -0.9023420777846525
10.0 253.595575945 -0.6991723221139807
10.0 254.838248355 1.0892820782252954
10.0 255.578248355 -0.3250934988224401
20.0 -165.150470447 -0.7235469787130455
20.0 -163.173338822 -0.22352987319774797
20.0 -161.196181116 -0.5517805260745945
20.0 -159.218997329 -0.42507404023703543
20.0 -157.241787459 0.17381230908097223
20.0 -155.264551506 -0.8109009262834661
20.0 -153.287289471 -0.44899536760635783
20.0 -151.310001351 0.4007451907351083
20.0 -149.332687147 0.39553478047747603
20.0 -147.355346858 -0.29741474044786287
20.0 -145.377980484 0.7891063116248915
20.0 -143.400588024 0.33430544590828504
20.0 -141.423169477 0.04438799681830119
20.0 -139.445724844 0.4065571236192511
20.0 -137.468254123 0.5980138103217598
20.0 -135.490757314 -0.34004313479135817
20.0 -133.513234417 0.8645829206279245
20.0 -131.535685431 0.34908643272507334
20.0 -129.558110355 0.45265968112170185
20.0 -127.580509189 0.6484927686125275
20.0 -125.602881933 -0.42722637909596983
20.0 -123.625228585 0.5986879863451691
20.0 -121.647549147 0.0364194355697407
20.0 -119.669843616 0.7091493613016269
20.0 -117.692111992 0.24305697798570236
20.0 -115.714354276 0.2993193215365011
20.0 -113.736570465 -0.405888750950794
20.0 -111.758760561 0.9716054385065718
20.0 -109.780924562 -0.24002761151385243
20.0 -107.803062468 0.012380417880706318
20.0 -105.825174278 0.4949956655989922
20.0 -103.847259991 0.8979820902798679
20.0 -101.869319609 0.24450147004549194
20.0 -99.8913531286 0.5317134021082381
20.0 -97.9133605507 0.3507753026026421
20.0 -95.9353418746 -0.10415759377801237
20.0 -93.9572970997 -0.3949322340487811
20.0 -91.9792262255 -0.5053977472211955
20.0 -90.0011292514 -0.6414054445954491
20.0 -88.0230061771 -0.3178088200406535
20.0 -86.0448570018 0.2555364496986954
20.0 -84.0666817252 -0.8682274952633122
20.0 -82.0884803468 0.13603930174124912
20.0 -80.1102528658 -0.441525386358677
20.0 -78.131999282 -0.432785970637525
20.0 -76.1537195948 -1.063609046488807
20.0 -74.1754138036 -0.690863393903669
20.0 -72.1970819079 -0.5524199777567844
20.0 -70.2187239072 -0.9601519480981153
20.0 -68.240339801 -1.1609346404419227
20.0 -66.2619295888 -1.2386455760557737
20.0 -64.2834932701 -0.18516446224978722
20.0 -62.3050308443 -0.6283731926688176
20.0 -60.326542311 0.11284415242789692
20.0 -58.3480276695 -0.19939869413849465
20.0 -56.3694869195 1.1400098132672554
20.0 -54.3909200603 1.0421790327787903
20.0 -52.4123270915 2.024216134762156
20.0 -50.4337080125 3.3862261015099477
20.0 -48.4550628228 4.578311726961942
20.0 -46.476391522 5.923573616415666
20.0 -44.4976941095 7.921110186227224
20.0 -42.5189705847 7.9340176635284365
20.0 -40.5402209472 8.839390085944103
20.0 -38.5614451964 8.498319301289314
20.0 -36.5826433319 8.667894967292966
20.0 -34.6038153531 8.999204551295463
20.0 -32.6249612595 7.860333329968711
20.0 -30.6460810505 7.972364389020328
20.0 -28.6671747257 7.730378622913349
20.0 -26.6882422846 7.2544547345670765
20.0 -24.7092837265 8.029669235064972
20.0 -22.7302990511 7.9870964433823985
20.0 -20.7512882577 8.116808486073694
20.0 -18.772251346 9.70187529700516
20.0 -16.7931883153 11.311364617043154
20.0 -14.8140991651 14.195341993780687
20.0 -12.834983895 22.343870781244647
20.0 -10.8558425043 37.354012139595966
20.0 -8.87667499266 44.754825034856026
20.0 -6.89748135949 42.99136623860184
20.0 -4.91826160422 39.109690327682955
20.0 -2.93901572646 36.44884968393447
20.0 -0.959743725592 35.8898944938785
20.0 1.01955439893 38.43087274844069
20.0 2.99887864748 39.667830242661466
20.0 4.97822902071 40.803810575397904
20.0 6.95760551906 41.80185514904227
20.0 8.93700814311 41.60600316922606
20.0 10.9164368934 41.04129164453275
20.0 12.8958917703 36.91075538620893
20.0 14.8753727744 33.55742700786914
20.0 16.8548799063 29.730336925208576
20.0 18.8344131664 26.112513355714725
20.0 20.8139725553 22.918982318373196
20.0 22.7935580735 20.09176763338013
20.0 24.7731697215 16.130890921850806
20.0 26.7528074998 13.599371605529285
20.0 28.732471409 10.829226906497723
20.0 30.7121614495 9.821471846886908
20.0 32.6918776219 8.184119248584437
20.0 34.6716199267 7.089179732945354
20.0 36.6513883643 5.434661720500486
20.0 38.6311829355 6.1095714306677
20.0 40.6110036406 5.261912881458784
20.0 42.59085048 3.7836878891899346
20.0 44.5707234546 4.456896068194169
20.0 46.5506225645 3.481534830522918
20.0 48.5305478106 3.216599385665944
20.0 50.5104991932 2.9970827402499935
20.0 52.4904767127 2.396975697753163
20.0 54.4704803699 0.9742668582184137
20.0 56.4505101651 1.1539426179522536
20.0 58.430566099 0.9569871692450249
20.0 60.410648172 1.0623825000703562
20.0 62.3907563846 1.1111083938000377
20.0 64.3708907374 0.9441424289133522
20.0 66.3510512308 1.0984599787008165
20.0 68.3312378655 0.8740342109825576
20.0 70.3114506418 0.13883608780329837
20.0 72.2916895603 -0.13416563484440758
20.0 74.2719546217 0.006995592685541396
20.0 76.2522458262 0.0032841133865133543
20.0 78.2325631746 0.4136620633349537
20.0 80.2129066673 0.13708937137471366
20.0 82.1932763047 0.3455237588349007
20.0 84.1736720875 0.3339207392480148
20.0 86.1540940161 -0.14376638195861347
20.0 88.1345420911 0.33941349226046214
20.0 90.115016313 0.710409250268583
20.0 92.0955166823 0.12016757145860879
20.0 94.0760431995 -0.08036707403871901
20.0 96.0565958652 -0.19825242564229484
20.0 98.0371746798 0.5584515673772614
20.0 100.017779644 0.4366827456237843
20.0 101.998410758 -0.04562326074474754
20.0 103.979068023 0.18046696774774773
20.0 105.959751438 0.25888463948291474
20.0 107.940461005 0.3875587516546375
20.0 109.921196725 0.6984160898265372
20.0 111.901958596 -0.29361877244429024
20.0 113.882746621 0.2753765264222352
20.0 115.8635608 0.0
20.0 117.844401132 0.0
20.0 119.82526762 0.0
20.0 121.806160262 0.0
20.0 123.78707906 0.0
20.0 125.768024015 -1.0196448621904324
20.0 127.748995126 -1.0507981983200523
20.0 129.729992394 -1.189622154905038
20.0 131.71101582 -0.08321429316890772
20.0 133.692065405 -0.6936743894304698
20.0 135.673141148 -1.221104435483511
20.0 137.654243051 -0.8656086386702668
20.0 139.635371113 -0.8772934224355708
20.0 141.616525336 -0.5942674263569643
20.0 143.597705719 -0.24364150669811124
20.0 145.578912264 -1.0275287364406438
20.0 147.560144971 -0.5980444057928196
20.0 149.54140384 -1.6633060223944938
20.0 151.522688873 -1.7464333115258341
20.0 153.504000068 -1.1425482166508232
20.0 155.485337428 -1.351774899334572
20.0 157.466700952 -0.31823973990861987
20.0 159.448090641 -1.0360713375157786
20.0 161.429506496 -0.7334005104863195
20.0 163.410948517 -0.5143602966677747
20.0 165.392416704 -0.28008595367674616
20.0 167.373911059 -0.6717149591199245
20.0 169.355431581 -0.8303870110690639
20.0 171.336978271 -0.4572440281708907
20.0 173.31855113 -0.2744301500150641
20.0 175.300150158 0.4919082625423812
20.0 177.281775355 -0.4393773728777717
20.0 179.263426723 -0.2514378604142564
20.0 181.245104262 -0.5064262263785224
20.0 183.226807972 0.6915022805170565
20.0 185.208537853 0.1711901888669729
20.0 187.190293907 -0.017522195676917818
20.0 189.172076134 0.4492032092054785
20.0 191.153884534 0.6342022622630736
20.0 193.135719108 0.5893085983968547
20.0 195.117579856 0.7783536283298531
20.0 197.099466779 0.520166538347496
20.0 199.081379877 0.6155742899756547
20.0 201.063319151 1.9934016197126425
20.0 203.045284602 0.9484710387199016
20.0 205.02727623 0.9566028325270679
20.0 207.009294035 0.5256150607505674
20.0 208.991338018 0.7553235567977197
20.0 210.97340818 1.0395419275662618
20.0 212.95550452 0.4710815531693129
20.0 214.93762704 0.5367515866106487
20.0 216.919775741 0.5583589535076783
20.0 218.901950622 1.3467083518316372
20.0 220.884151683 0.37160225158109483
20.0 222.866378927 0.09384089442261256
20.0 224.848632352 1.2402222935759823
20.0 226.830911961 0.8825422332841981
20.0 228.813217752 0.6625942687913664
20.0 230.795549727 0.013169725782631758
20.0 232.777907886 -0.02594229972191897
20.0 234.76029223 -0.25395494176558486
20.0 236.74270276 0.39791643528340614
20.0 238.725139475 -0.20754576344947395
20.0 240.707602376 0.0004386361615900114
20.0 242.690091464 0.2736475770368543
20.0 244.67260674 -0.4121432294035685
20.0 246.655148203 0.010839696615505545
20.0 248.637715854 -0.587632397339064
20.0 250.620309695 -0.2037904961658512
20.0 252.602929725 -1.5448678171909762
20.0 254.585575945 -1.1540998108585256
20.0 256.568248355 -1.5277241607759606
30.0 -165.490470447 0.4724585091175868
30.0 -163.513338822 0.15725968873604756
30.0 -161.536181116 0.17380933032484336
30.0 -159.558997329 -0.08288151494332396
30.0 -157.581787459 -0.11880193992757881
30.0 -155.604551506 -0.3059411815404758
30.0 -153.627289471 0.05871137923415404
30.0 -151.650001351 0.15516621732353997
30.0 -149.672687147 0.1284336635443708
30.0 -147.695346858 0.15752390458558807
30.0 -145.717980484 0.10444698298857702
30.0 -143.740588024 -0.4217872028717409
30.0 -141.763169477 -0.47516889880623125
30.0 -139.785724844 0.19531150517016727
30.0 -137.808254123 -0.26933652518187046
30.0 -135.830757314 0.03389633165596706
30.0 -133.853234417 0.25001925294020566
30.0 -131.875685431 0.11204127164614874
30.0 -129.898110355 -0.3300287235511803
30.0 -127.920509189 0.02281801170477138
30.0 -125.942881933 -0.27940992256765185
30.0 -123.965228585 -0.23970407070854094
30.0 -121.987549147 0.014943878568089985
30.0 -120.009843616 0.0945420921494815
30.0 -118.032111992 -0.2249014074896536
30.0 -116.054354276 0.04862125769247427
30.0 -114.076570465 0.06011782128197751
30.0 -112.098760561 -0.3514041276032174
30.0 -110.120924562 -0.2559371443391001
30.0 -108.143062468 0.0675260711897181
30.0 -106.165174278 0.028992674568797838
30.0 -104.187259991 -0.0925303231646808
30.0 -102.209319609 0.41396394446144313
30.0 -100.231353129 0.30048219932896814
30.0 -98.2533605507 0.11003101871617105
30.0 -96.2753418746 -0.36138316472286647
30.0 -94.2972970997 0.26324593702105403
30.0 -92.3192262255 -0.2540755327054569
30.0 -90.3411292514 -0.3193415752380133
30.0 -88.3630061771 0.037453663386770586
30.0 -86.3848570018 -0.06268410758832488
30.0 -84.4066817252 0.2872506763403351
30.0 -82.4284803468 0.6842634349176535
30.0 -80.4502528658 0.11235944311064827
30.0 -78.471999282 0.8865438310898242
30.0 -76.4937195948 0.9288215842094587
30.0 -74.5154138036 1.532197542988797
30.0 -72.5370819079 1.3236764030928043
30.0 -70.5587239072 1.9302627153131198
30.0 -68.580339801 3.27896088554877
30.0 -66.6019295888 3.4887751747870936
30.0 -64.6234932701 5.20770969908466
30.0 -62.6450308443 7.642768429548056
30.0 -60.666542311 10.07495519231469
30.0 -58.6880276695 10.591273668533773
30.0 -56.7094869195 11.819727394347098
30.0 -54.7309200603 12.821319760869784
30.0 -52.7523270915 12.27005401417128
30.0 -50.7737080125 13.479933255256157
30.0 -48.7950628228 12.078960440044852
30.0 -46.816391522 11.328138379354641
30.0 -44.8376941095 10.70446973888042
30.0 -42.8589705847 10.314957039175596
30.0 -40.8802209472 8.57160265563266
30.0 -38.9014451964 8.39940881846448
30.0 -36.9226433319 7.377377612684597
30.0 -34.9438153531 7.0565109780884825
30.0 -32.9649612595 6.87381070923422
30.0 -30.9860810505 6.752278455423294
30.0 -29.0071747257 5.725915720681314
30.0 -27.0282422846 5.718723863738916
30.0 -25.0492837265 5.310704098012991
30.0 -23.0702990511 5.299857491586579
30.0 -21.0912882577 5.182184967190636
30.0 -19.112251346 6.349687302183952
30.0 -17.1331883153 7.349365128535084
30.0 -15.1540991651 10.55321893280211
30.0 -13.174983895 19.706249056113705
30.0 -11.1958425043 33.06445569415061
30.0 -9.21667499266 41.0138388971252
30.0 -7.23748135949 44.00039856976352
30.0 -5.25826160422 42.6151344712855
30.0 -3.27901572646 40.99004621538535
30.0 -1.29974372559 40.49613327021339
30.0 0.679554398932 39.9983949583561
30.0 2.65887864748 39.982830456816515
30.0 4.63822902071 38.30743879699645
30.0 6.61760551906 37.46421886467567
30.0 8.59700814311 35.984169399993874
30.0 10.5764368934 35.511288997430995
30.0 12.5558917703 33.02257610578724
30.0 14.5353727744 30.947029028165502
30.0 16.5148799063 27.787645921951167
30.0 18.4944131664 24.67542479879242
30.0 20.4739725553 22.622363524582227
30.0 22.4535580735 21.557459819438037
30.0 24.4331697215 18.990711257683046
30.0 26.4128074998 18.384115267826843
30.0 28.392471409 17.771669132546663
30.0 30.3721614495 17.78336998866689
30.0 32.3518776219 16.952214827141376
30.0 34.3316199267 15.047200493033131
30.0 36.3113883643 13.869323685494976
30.0 38.2911829355 13.35558095775238
30.0 40.2710036406 12.313968717080513
30.0 42.25085048 11.695483224787438
30.0 44.2307234546 11.39312059619661
30.0 46.2106225645 10.81787680062206
30.0 48.1905478106 10.381747661356059
30.0 50.1704991932 10.154728855643697
30.0 52.1504767127 9.717815914666772
30.0 54.1304803699 9.61400422352591
30.0 56.1105101651 8.7802890212171
30.0 58.090566099 9.163665400616651
30.0 60.070648172 8.841128308458678
30.0 62.0507563846 8.96867254531773
30.0 64.0308907374 9.07729276558942
30.0 66.0110512308 9.019983477469765
30.0 67.9912378655 8.986739042938439
30.0 69.9714506418 9.142553677735918
30.0 71.9516895603 8.423421451347764
30.0 73.9319546217 8.914336286984309
30.0 75.9122458262 8.431291961558372
30.0 77.8925631746 7.670282105671447
30.0 79.8729066673 8.207300203589625
30.0 81.8532763047 7.687339593225943
30.0 83.8336720875 8.555393466122922
30.0 85.8140940161 7.016454867430099
30.0 87.7945420911 7.3365166958873544
30.0 89.775016313 6.617571703803975
30.0 91.7555166823 6.051612497039997
30.0 93.7360431995 5.6136315349868084
30.0 95.7165958652 5.103621130548447
30.0 97.6971746798 4.131573450120641
30.0 99.6777796439 3.5574805135736938
30.0 101.658410758 2.6133341942315553
30.0 103.639068023 2.0111262188550825
30.0 105.619751438 1.6188481676117306
30.0 107.600461005 1.8624914740795475
30.0 109.581196725 0.7990474252085278
30.0 111.561958596 1.0355071612918323
30.0 113.542746621 1.220861675985077
30.0 115.5235608 2.04810181624822
30.0 117.504401132 0.0
30.0 119.48526762 0.0
30.0 121.466160262 0.0
30.0 123.44707906 0.0
30.0 125.428024015 -0.4787437253374094
30.0 127.408995126 -0.09739026202367995
30.0 129.389992394 0.04378064690425276
30.0 131.37101582 0.8357586742673107
30.0 133.352065405 0.3965333460311342
30.0 135.333141148 -0.14290595872057565
30.0 137.314243051 -0.34757000778623137
30.0 139.295371113 0.08853028411164132
30.0 141.276525336 -0.30261614467096365
30.0 143.257705719 -0.06102050274026283
30.0 145.238912264 0.2513058543367208
30.0 147.220144971 0.415351423995844
30.0 149.20140384 0.63010455666344
30.0 151.182688873 0.1705534557426347
30.0 153.164000068 0.03268617757692027
30.0 155.145337428 0.051490631455465063
30.0 157.126700952 0.16495457957006465
30.0 159.108090641 -0.2179343629891548
30.0 161.089506496 -0.2971887282581349
30.0 163.070948517 -0.6928211954200378
30.0 165.052416704 0.3731554091777127
30.0 167.033911059 -0.6872718879933473
30.0 169.015431581 -0.40211620766928036
30.0 170.996978271 -0.5493908178059712
30.0 172.97855113 -0.25310913360181075
30.0 174.960150158 0.3187152824825432
30.0 176.941775355 0.021068720706182376
30.0 178.923426723 -0.34206267597190276
30.0 180.905104262 -0.2126929119129386
30.0 182.886807972 -0.37583613881659517
30.0 184.868537853 0.2634933442597003
30.0 186.850293907 -0.10671890912126969
30.0 188.832076134 -0.3214874927923006
30.0 190.813884534 -0.014827148002297008
30.0 192.795719108 0.09124723656253764
30.0 194.777579856 0.18072062476241513
30.0 196.759466779 -0.3244221670191507
30.0 198.741379877 -0.020196469890379376
30.0 200.723319151 0.3993822375242928
30.0 202.705284602 0.08529832906694423
30.0 204.68727623 -0.452463968969397
30.0 206.669294035 0.2670794221373569
30.0 208.651338018 -0.013087566485808111
30.0 210.63340818 0.14001884867673198
30.0 212.61550452 0.3483823035209923
30.0 214.59762704 0.4879862862781863
30.0 216.579775741 0.10881413751482683
30.0 218.561950622 -0.013150949878195206
30.0 220.544151683 0.2600740692777208
30.0 222.526378927 0.19447209241229757
30.0 224.508632352 0.5430258692446159
30.0 226.490911961 0.4807180016899224
30.0 228.473217752 0.02053094391831678
30.0 230.455549727 -0.235552997737841
30.0 232.437907886 -0.2425516647533641
30.0 234.42029223 -0.09248304645603866
30.0 236.40270276 -0.2713652800376565
30.0 238.385139475 0.5267833494490617
30.0 240.367602376 0.27594440902902306
30.0 242.350091464 0.7330993178046867
30.0 244.33260674 0.1672293469367787
30.0 246.315148203 -0.4276843803486372
30.0 248.297715854 -0.48466088882966574
30.0 250.280309695 -0.14271935129909252
30.0 252.262929725 -0.6028790885265778
30.0 254.245575945 0.021840430652389387
30.0 256.228248355 -0.2635804106401167
40.0 -167.130470447 0.24523220520748623
40.0 -165.153338822 -0.12590676227063113
40.0 -163.176181116 -0.5270131538567568
40.0 -161.198997329 -0.17806119342054672
40.0 -159.221787459 -0.20602537497765638
40.0 -157.244551506 -0.17388046275974034
40.0 -155.267289471 0.04839850876123819
40.0 -153.290001351 0.4918362348721814
40.0 -151.312687147 0.8324571405253494
40.0 -149.335346858 0.20528538034542976
40.0 -147.357980484 0.5413448385736217
40.0 -145.380588024 0.01265912904364086
40.0 -143.403169477 -0.3737484048603221
40.0 -141.425724844 -0.006854690248331963
40.0 -139.448254123 -0.21363692473696005
40.0 -137.470757314 0.0549274234915913
40.0 -135.493234417 0.41486061566351395
40.0 -133.515685431 0.09218464238065849
40.0 -131.538110355 -0.35907877641949426
40.0 -129.560509189 -0.05590819150225457
40.0 -127.582881933 -0.025282424367759404
40.0 -125.605228585 -0.4041805672830776
40.0 -123.627549147 -0.1365819833307853
40.0 -121.649843616 -0.2694663064265512
40.0 -119.672111992 -0.3738134413711407
40.0 -117.694354276 0.20339643611961833
40.0 -115.716570465 -0.2788171206161678
40.0 -113.738760561 -0.00143482923184024
40.0 -111.760924562 -0.11643767839936459
40.0 -109.783062468 0.4291930721496158
40.0 -107.805174278 -0.3735241084100096
40.0 -105.827259991 0.10542897796636908
40.0 -103.849319609 -0.09392974184180503
40.0 -101.871353129 0.2274173878428769
40.0 -99.8933605507 0.13948775146033654
40.0 -97.9153418746 0.04329846217785871
40.0 -95.9372970997 -0.324133638147174
40.0 -93.9592262255 0.43420802099777234
40.0 -91.9811292514 0.9323397387441048
40.0 -90.0030061771 1.128277542806643
40.0 -88.0248570018 1.5380371894469533
40.0 -86.0466817252 1.7446341634383487
40.0 -84.0684803468 2.1220836780294405
40.0 -82.0902528658 2.4774006749079263
40.0 -80.111999282 4.439599824165754
40.0 -78.1337195948 5.7196955242621925
40.0 -76.1554138036 7.148701901988119
40.0 -74.1770819079 8.219632812430376
40.0 -72.1987239072 10.592501838935817
40.0 -70.220339801 12.396322293075144
40.0 -68.2419295888 13.122107214607126
40.0 -66.2634932701 12.251869371442695
40.0 -64.2850308443 11.520621259608674
40.0 -62.306542311 11.521375103212506
40.0 -60.3280276695 10.658142854405384
40.0 -58.3494869195 8.989936193347432
40.0 -56.3709200603 9.339766528170458
40.0 -54.3923270915 7.610644994943243
40.0 -52.4137080125 8.723582457634649
40.0 -50.4350628228 8.321589508078091
40.0 -48.456391522 7.593676465935744
40.0 -46.4776941095 8.388853378661935
40.0 -44.4989705847 7.8741300214675505
40.0 -42.5202209472 7.512515897284345
40.0 -40.5414451964 6.365020236728412
40.0 -38.5626433319 5.76965199806466
40.0 -36.5838153531 5.397419867170356
40.0 -34.6049612595 4.361332257499527
40.0 -32.6260810505 4.035397310046648
40.0 -30.6471747257 3.73362289331115
40.0 -28.6682422846 3.7580166032607565
40.0 -26.6892837265 3.194585763295862
40.0 -24.7102990511 2.88533742421356
40.0 -22.7312882577 2.9852783641713927
40.0 -20.752251346 3.3804150886515743
40.0 -18.7731883153 3.8727538304246707
40.0 -16.7940991651 5.842300549513908
40.0 -14.814983895 8.824060933158933
40.0 -12.8358425043 17.005040395779815
40.0 -10.8566749927 25.929244078941025
40.0 -8.87748135949 34.72867685131544
40.0 -6.89826160422 38.271343308648255
40.0 -4.91901572646 38.57124777372081
40.0 -2.93974372559 35.63439429631484
40.0 -0.960445601068 33.226786653176106
40.0 1.01887864748 32.40142834797851
40.0 2.99822902071 31.01132261128805
40.0 4.97760551906 29.862472400526627
40.0 6.95700814311 29.431880399936148
40.0 8.93643689336 30.653549020542243
40.0 10.9158917703 32.01548040011835
40.0 12.8953727744 34.021676403149456
40.0 14.8748799063 34.33313862079643
40.0 16.8544131664 33.54486837085935
40.0 18.8339725553 34.10386669774192
40.0 20.8135580735 34.83713437241511
40.0 22.7931697215 33.023671892381
40.0 24.7728074998 30.662479481636865
40.0 26.752471409 29.142557090639173
40.0 28.7321614495 27.015904396266876
40.0 30.7118776219 23.06552080178622
40.0 32.6916199267 20.820405436813786
40.0 34.6713883643 19.158557157280455
40.0 36.6511829355 17.310974545396874
40.0 38.6310036406 16.61265590961429
40.0 40.61085048 15.473599284590449
40.0 42.5907234546 15.565802431154964
40.0 44.5706225645 14.523262836268401
40.0 46.5505478106 14.36297771299212
40.0 48.5304991932 13.64994400044688
40.0 50.5104767127 12.955158363779105
40.0 52.4904803699 11.57961719412637
40.0 54.4705101651 11.35331660857716
40.0 56.450566099 11.02925245013887
40.0 58.430648172 10.126420287698352
40.0 60.4107563846 8.987815415987455
40.0 62.3908907374 8.695432855547239
40.0 64.3710512308 7.659267352689994
40.0 66.3512378655 7.318313379465678
40.0 68.3314506418 6.590565133622221
40.0 70.3116895603 5.986016538572926
40.0 72.2919546217 5.181661243359173
40.0 74.2722458262 4.3084926226111975
40.0 76.2525631746 3.4515037765175975
40.0 78.2329066673 3.385687530783912
40.0 80.2132763047 3.1300364365984024
40.0 82.1936720875 2.2795427705977147
40.0 84.1740940161 1.6501985348271546
40.0 86.1545420911 1.4199954567073974
40.0 88.135016313 1.5339249889965743
40.0 90.1155166823 1.330978309754471
40.0 92.0960431995 0.5211463223065209
40.0 94.0765958652 0.32641965520804206
40.0 96.0571746798 0.1587886622062058
40.0 98.0377796439 -0.022756577793785482
40.0 100.018410758 0.36277373923337564
40.0 101.999068023 -0.18363085760014997
40.0 103.979751438 0.2850188858544698
40.0 105.960461005 -0.20528805122364702
40.0 107.941196725 -0.1735629646859138
40.0 109.921958596 -0.11281742546384521
40.0 111.902746621 0.041936720446415165
40.0 113.8835608 0.0
40.0 115.864401132 0.0
40.0 117.84526762 0.0
40.0 119.826160262 0.3287928202443027
40.0 121.80707906 -0.07159732154701715
40.0 123.788024015 0.2389442882106323
40.0 125.768995126 0.15240387680165668
40.0 127.749992394 -0.4352326038637955
40.0 129.73101582 0.6090205227009449
40.0 131.712065405 0.1661486575226263
40.0 133.693141148 -0.39986307387999886
40.0 135.674243051 -0.24202982150225694
40.0 137.655371113 -0.04836701092611406
40.0 139.636525336 -0.14289034332057327
40.0 141.617705719 0.012384204486636463
40.0 143.598912264 0.1234403800074233
40.0 145.580144971 0.05526165502851654
40.0 147.56140384 0.8708312255866417
40.0 149.542688873 0.2571320119425593
40.0 151.524000068 -0.7008533414865497
40.0 153.505337428 -0.14714246611706017
40.0 155.486700952 0.19724673071908683
40.0 157.468090641 -0.973703934232077
40.0 159.449506496 -0.1270129201929251
40.0 161.430948517 -0.14069896239485047
40.0 163.412416704 -0.31778107210976714
40.0 165.393911059 -0.27827853667895397
40.0 167.375431581 -0.15021091956910482
40.0 169.356978271 0.01840193961115233
40.0 171.33855113 0.385539925066297
40.0 173.320150158 -0.09381735522515555
40.0 175.301775355 -0.4336905695430744
40.0 177.283426723 -0.5171006624579206
40.0 179.265104262 -0.568068854877481
40.0 181.246807972 -0.5856166440771062
40.0 183.228537853 -0.08376580373615639
40.0 185.210293907 0.0484616160275948
40.0 187.192076134 -0.03895671138420198
40.0 189.173884534 -0.23804338908297495
40.0 191.155719108 0.37217870327026503
40.0 193.137579856 0.1526864094276732
40.0 195.119466779 -0.33954370348169505
40.0 197.101379877 0.4254646550123198
40.0 199.083319151 0.5496874986832836
40.0 201.065284602 0.20610056457161363
40.0 203.04727623 0.2956793129507673
40.0 205.029294035 0.39939892728989435
40.0 207.011338018 -0.13976568578578963
40.0 208.99340818 0.03416010347007159
40.0 210.97550452 0.6881506478971176
40.0 212.95762704 0.2661800233726126
40.0 214.939775741 -0.000777971210936812
40.0 216.921950622 0.6412501860255873
40.0 218.904151683 0.3432377398980293
40.0 220.886378927 -0.08784234189391782
40.0 222.868632352 0.30398263124803293
40.0 224.850911961 -0.4023149272818216
40.0 226.833217752 0.3382371187420006
40.0 228.815549727 -0.029389371728399283
40.0 230.797907886 -0.14422281700387884
40.0 232.78029223 -0.4902919127198686
40.0 234.76270276 0.09237436813489808
40.0 236.745139475 0.5477467752055247
40.0 238.727602376 0.09479578069132799
40.0 240.710091464 0.4174915793288676
40.0 242.69260674 -0.44119591164442795
40.0 244.675148203 0.1017029475019342
40.0 246.657715854 -0.39384248109846
40.0 248.640309695 0.23313688706295466
40.0 250.622929725 -0.9543901411032039
40.0 252.605575945 -0.5144550363973508
40.0 254.588248355 0.37091045268002176
50.0 -170.020470447 0.25791006527572335
50.0 -168.043338822 0.6237056378743375
50.0 -166.066181116 0.12785542502228964
50.0 -164.088997329 -0.09062411331035491
50.0 -162.111787459 -0.5177166843497503
50.0 -160.134551506 -0.2644061625656491
50.0 -158.157289471 0.4243234103148552
50.0 -156.180001351 0.2634878253113868
50.0 -154.202687147 0.22510270612477257
50.0 -152.225346858 0.1271835091472724
50.0 -150.247980484 0.6717455234249599
50.0 -148.270588024 -0.6761961293551053
50.0 -146.293169477 -0.22662649489205933
50.0 -144.315724844 -0.722530786300382
50.0 -142.338254123 -0.0008943841133088881
50.0 -140.360757314 -0.6217028363238057
50.0 -138.383234417 -0.6259418583985905
50.0 -136.405685431 -0.09559733329803066
50.0 -134.428110355 -0.298655311501534
50.0 -132.450509189 0.5168979889680259
50.0 -130.472881933 -0.5519238174748864
50.0 -128.495228585 0.2478927160029798
50.0 -126.517549147 0.015360868619808343
50.0 -124.539843616 0.551493751973311
50.0 -122.562111992 -0.24369568999617286
50.0 -120.584354276 0.32980531897678134
50.0 -118.606570465 -0.06099061253337368
50.0 -116.628760561 0.10692895632340083
50.0 -114.650924562 -0.4014237013388424
50.0 -112.673062468 0.3609635198289993
50.0 -110.695174278 0.5271025573919985
50.0 -108.717259991 0.984005181107733
50.0 -106.739319609 -0.055317007096533644
50.0 -104.761353129 0.5521474268567772
50.0 -102.783360551 1.3914097491703217
50.0 -100.805341875 1.4374810581508655
50.0 -98.8272970997 1.879372284187184
50.0 -96.8492262255 2.6410941897275677
50.0 -94.8711292514 3.572657369257712
50.0 -92.8930061771 4.719072249278497
50.0 -90.9148570018 6.252349088283722
50.0 -88.9366817252 6.56449797673784
50.0 -86.9584803468 6.765528837054006
50.0 -84.9802528658 7.281451423571298
50.0 -83.001999282 7.564275322533234
50.0 -81.0237195948 8.160009952064854
50.0 -79.0454138036 7.833664562150858
50.0 -77.0670819079 7.977248234613256
50.0 -75.0887239072 8.268769883089163
50.0 -73.110339801 8.009238253008647
50.0 -71.1319295888 8.136661921572284
50.0 -69.1534932701 8.072049297729109
50.0 -67.1750308443 7.7364086221541015
50.0 -65.196542311 9.019747967226323
50.0 -63.2180276695 8.172075237006254
50.0 -61.2394869195 7.382398167214006
50.0 -59.2609200603 8.248724325206553
50.0 -57.2823270915 7.726061109955822
50.0 -55.3037080125 6.798415752026358
50.0 -53.3250628228 6.519795313552919
50.0 -51.346391522 5.362206688218606
50.0 -49.3676941095 5.959656601232041
50.0 -47.3889705847 4.8791516093053815
50.0 -45.4102209472 3.988698100632206
50.0 -43.4314451964 4.366302294864994
50.0 -41.4526433319 3.5669702430929817
50.0 -39.4738153531 3.408707827819711
50.0 -37.4949612595 3.4485207629410013
50.0 -35.5160810505 2.35941459372242
50.0 -33.5371747257 2.2143946967773047
50.0 -31.5582422846 1.9204662800441383
50.0 -29.5792837265 1.832634382764354
50.0 -27.6002990511 1.9239038754603541
50.0 -25.6212882577 2.3142794599126546
50.0 -23.642251346 3.356765669138184
50.0 -21.6631883153 2.8353668673674406
50.0 -19.6840991651 3.6270872500226403
50.0 -17.704983895 5.466930843695167
50.0 -15.7258425043 9.72390150612327
50.0 -13.7466749927 16.979002926169898
50.0 -11.7674813595 26.892238623800296
50.0 -9.78826160422 36.2606119500596
50.0 -7.80901572646 40.500126087050745
50.0 -5.82974372559 41.144784047912026
50.0 -3.85044560107 38.73358867679471
50.0 -1.87112135252 35.36254264884079
50.0 0.108229020705 33.53464847016082
50.0 2.08760551906 32.65390847781126
50.0 4.06700814311 30.267324839772385
50.0 6.04643689336 28.64289955492592
50.0 8.02589177026 28.268634453032632
50.0 10.0053727744 27.82853119471011
50.0 11.9848799063 27.43859127141036
50.0 13.9644131664 26.045816005397427
50.0 15.9439725553 25.417206549725137
50.0 17.9235580735 25.251763888214754
50.0 19.9031697215 23.416488835432546
50.0 21.8828074998 22.258382036667513
50.0 23.862471409 20.775443967909098
50.0 25.8421614495 19.559674935824575
50.0 27.8218776219 18.283075077737124
50.0 29.8016199267 17.365644361603046
50.0 31.7813883643 17.006382585989485
50.0 33.7611829355 17.067289380052813
50.0 35.7410036406 17.266364203514826
50.0 37.72085048 16.490606346641158
50.0 39.7007234546 16.239014930220236
50.0 41.6806225645 15.427588905537647
50.0 43.6605478106 15.450327054357729
50.0 45.6404991932 13.496227988897743
50.0 47.6204767127 12.634290151807079
50.0 49.6004803699 11.135511816145936
50.0 51.5805101651 9.565891085360391
50.0 53.560566099 7.8794258932624075
50.0 55.540648172 7.126114004005757
50.0 57.5207563846 5.148953012064453
50.0 59.5008907374 5.066940342210529
50.0 61.4810512308 3.775073249490873
50.0 63.4612378655 2.5283488192060304
50.0 65.4414506418 1.2867639668859567
50.0 67.4216895603 1.245315438269614
50.0 69.4019546217 0.751999809282097
50.0 71.3822458262 0.8158134860101427
50.0 73.3625631746 0.44075270468349004
50.0 75.3429066673 0.5618135316489372
50.0 77.3232763047 -0.06500813665056171
50.0 79.3036720875 0.14528342630273983
50.0 81.2840940161 -0.38631622292325574
50.0 83.2645420911 -0.28481169773098713
50.0 85.245016313 0.4157922184832046
50.0 87.2255166823 -0.4005094276930947
50.0 89.2060431995 -0.6047217597105146
50.0 91.1865958652 -0.8258500710802821
50.0 93.1671746798 -0.17489982539748894
50.0 95.1477796439 -0.23587665636219413
50.0 97.1284107579 -0.5497863678033355
50.0 99.1090680226 -0.3796349336987248
50.0 101.089751438 -0.23542849820242395
50.0 103.070461005 0.44182662433976816
50.0 105.051196725 -0.2228760506336016
50.0 107.031958596 0.09345682206139827
50.0 109.012746621 0.43181841736711135
50.0 110.9935608 0.0
50.0 112.974401132 0.0
50.0 114.95526762 0.0
50.0 116.936160262 0.6964095628408131
50.0 118.91707906 0.004806434390133063
50.0 120.898024015 0.07218750136621566
50.0 122.878995126 0.26754474622671864
50.0 124.859992394 -0.40513001900453105
50.0 126.84101582 0.5211548472314291
50.0 128.822065405 1.2943908160062279
50.0 130.803141148 0.264569187873434
50.0 132.784243051 -0.43131890713311805
50.0 134.765371113 0.5547174904532994
50.0 136.746525336 0.6246691695345135
50.0 138.727705719 -0.3234732515994665
50.0 140.708912264 0.13028067473135252
50.0 142.690144971 -0.23207877444576752
50.0 144.67140384 1.1074385072295456
50.0 146.652688873 0.38182245543546856
50.0 148.634000068 -0.5999371648766214
50.0 150.615337428 -0.9418507594715777
50.0 152.596700952 0.9470710951141257
50.0 154.578090641 -0.48618234842825814
50.0 156.559506496 -0.6396220082097841
50.0 158.540948517 -0.9352589731693115
50.0 160.522416704 -0.8021045030926359
50.0 162.503911059 -0.6041700286289995
50.0 164.485431581 -0.2094671513286812
50.0 166.466978271 -0.5720076436506645
50.0 168.44855113 0.1421965510089649
50.0 170.430150158 0.29213331829168965
50.0 172.411775355 -1.0052096271427047
50.0 174.393426723 -0.21284474163454092
50.0 176.375104262 -0.3747846525562011
50.0 178.356807972 0.8599578416706777
50.0 180.338537853 -0.12863022844746297
50.0 182.320293907 -0.3175620034955102
50.0 184.302076134 0.3261492048206662
50.0 186.283884534 0.02548991365586062
50.0 188.265719108 0.053446469003858965
50.0 190.247579856 -0.2159949543275843
50.0 192.229466779 -0.16084835273704812
50.0 194.211379877 -0.47712789385374776
50.0 196.193319151 1.2161520834411021
50.0 198.175284602 -0.0450229310091288
50.0 200.15727623 -0.40166761865870626
50.0 202.139294035 0.21320316771857506
50.0 204.121338018 0.574574404005773
50.0 206.10340818 0.23843089472029533
50.0 208.08550452 0.10075727299420123
50.0 210.06762704 0.656538000545595
50.0 212.049775741 -0.11724263233986676
50.0 214.031950622 0.5013994931721584
50.0 216.014151683 0.2874483244370083
50.0 217.996378927 0.004887637301379755
50.0 219.978632352 0.4787010361021089
50.0 221.960911961 0.1018719536153867
50.0 223.943217752 0.5323836510656861
50.0 225.925549727 0.24521921807277636
50.0 227.907907886 -0.28063842734974287
50.0 229.89029223 -0.3262065388285009
50.0 231.87270276 0.2024974583504502
50.0 233.855139475 0.1844559672307753
50.0 235.837602376 0.12465121914226529
50.0 237.820091464 0.2890652736876689
50.0 239.80260674 0.019680018720038106
50.0 241.785148203 -0.2225228296652233
50.0 243.767715854 -0.35756172717987056
50.0 245.750309695 -0.12845530136146976
50.0 247.732929725 -0.6222223515634937
50.0 249.715575945 -0.22588184901687214
50.0 251.698248355 -0.2634529368284859
60.0 -174.090470447 0.11620888695557596
60.0 -172.113338822 0.32740900216367663
60.0 -170.136181116 0.07422100366636641
60.0 -168.158997329 -0.0763621300721411
60.0 -166.181787459 0.02465259017546373
60.0 -164.204551506 -0.7337418355656382
60.0 -162.227289471 0.15744760351881837
60.0 -160.250001351 0.0
60.0 -158.272687147 0.0
60.0 -156.295346858 0.47244937944026333
60.0 -154.317980484 0.4479046015110839
60.0 -152.340588024 0.13790890419832635
60.0 -150.363169477 -0.1055446369728088
60.0 -148.385724844 -0.17546293567318116
60.0 -146.408254123 -0.5098528947967509
60.0 -144.430757314 0.236278593569466
60.0 -142.453234417 -0.014075351865159291
60.0 -140.475685431 -0.38292160159781474
60.0 -138.498110355 -0.3842670153251504
60.0 -136.520509189 0.09988155806178156
60.0 -134.542881933 -0.16348271952580262
60.0 -132.565228585 -0.06336667537959784
60.0 -130.587549147 0.21822287402832785
60.0 -128.609843616 0.20027912301631545
60.0 -126.632111992 -0.08020472327842754
60.0 -124.654354276 0.09976455109347171
60.0 -122.676570465 0.7601801728826558
60.0 -120.698760561 0.2760353796650463
60.0 -118.720924562 1.1183234198217065
60.0 -116.743062468 1.3710375525540996
60.0 -114.765174278 2.2281710478793286
60.0 -112.787259991 3.1747171866337567
60.0 -110.809319609 3.826669260477331
60.0 -108.831353129 5.098020571886082
60.0 -106.853360551 5.627764434162913
60.0 -104.875341875 5.537894171435056
60.0 -102.8972971 5.480403118655403
60.0 -100.919226225 5.971284621604866
60.0 -98.9411292514 6.433532036893325
60.0 -96.9630061771 7.0301387319612445
60.0 -94.9848570018 8.17709808508127
60.0 -93.0066817252 8.55240348535935
60.0 -91.0284803468 9.500048332736554
60.0 -89.0502528658 10.88102603799058
60.0 -87.071999282 11.021330022736635
60.0 -85.0937195948 11.39095371942949
60.0 -83.1154138036 11.40089057136501
60.0 -81.1370819079 11.555134032681053
60.0 -79.1587239072 11.560677568359324
60.0 -77.180339801 12.13851465422681
60.0 -75.2019295888 13.016638776957052
60.0 -73.2234932701 11.783043434071914
60.0 -71.2450308443 12.423722133942988
60.0 -69.266542311 12.905668395792588
60.0 -67.2880276695 12.397875749696254
60.0 -65.3094869195 11.653337736582614
60.0 -63.3309200603 10.874047908236832
60.0 -61.3523270915 9.859999827300186
60.0 -59.3737080125 8.255187067272885
60.0 -57.3950628228 6.279603212514957
60.0 -55.416391522 5.164241858247266
60.0 -53.4376941095 4.650096610554158
60.0 -51.4589705847 3.378161086384438
60.0 -49.4802209472 2.766428913551863
60.0 -47.5014451964 2.2158937307381734
60.0 -45.5226433319 2.281549187492999
60.0 -43.5438153531 2.45938894423702
60.0 -41.5649612595 2.5244066722620175
60.0 -39.5860810505 2.359596053733412
60.0 -37.6071747257 2.2539507816902926
60.0 -35.6282422846 2.705464560048256
60.0 -33.6492837265 3.5021311036011866
60.0 -31.6702990511 3.835944138020295
60.0 -29.6912882577 4.180897399858907
60.0 -27.712251346 5.180984636550562
60.0 -25.7331883153 5.62319960641392
60.0 -23.7540991651 6.443536078651647
60.0 -21.774983895 8.043987833352162
60.0 -19.7958425043 9.470548661493183
60.0 -17.8166749927 12.736212364939746
60.0 -15.8374813595 16.158972756449486
60.0 -13.8582616042 20.900823659671374
60.0 -11.8790157265 27.985758909147023
60.0 -9.89974372559 34.84277235031561
60.0 -7.92044560107 41.89585783951105
60.0 -5.94112135252 47.2190092439653
60.0 -3.96177097929 48.34322044181107
60.0 -1.98239448094 44.09948532208108
60.0 -0.00299185688791 36.53979778471114
60.0 1.97643689336 31.15015174054068
60.0 3.95589177026 28.736541111314324
60.0 5.93537277443 26.57995982968447
60.0 7.91487990627 25.559401839210693
60.0 9.89441316639 24.08886109436358
60.0 11.8739725553 23.838331560524495
60.0 13.8535580735 22.549807213987492
60.0 15.8331697215 21.439282041961036
60.0 17.8128074998 20.063750042569154
60.0 19.792471409 19.168205224853722
60.0 21.7721614495 18.093641608774135
60.0 23.7518776219 17.07105322521113
60.0 25.7316199267 15.45543411596637
60.0 27.7113883643 14.94477833376422
60.0 29.6911829355 11.961079942255708
60.0 31.6710036406 10.995333016015223
60.0 33.65085048 9.126531640545238
60.0 35.6307234546 7.939669912279783
60.0 37.6106225645 7.3487419385792805
60.0 39.5905478106 6.173741837740124
60.0 41.5704991932 4.950663738989078
60.0 43.5504767127 5.017501782488381
60.0 45.5304803699 3.4372501193385006
60.0 47.5105101651 2.4159029115753583
60.0 49.490566099 2.322454332176136
60.0 51.470648172 1.5688985650572533
60.0 53.4507563846 1.1732298050780514
60.0 55.4308907374 0.5964422580418898
60.0 57.4110512308 0.32753014069649566
60.0 59.3912378655 0.3594876807376295
60.0 61.3714506418 0.8773091168074245
60.0 63.3516895603 -0.15001130150096742
60.0 65.3319546217 -0.09847931364294027
60.0 67.3122458262 0.09289935187652532
60.0 69.2925631746 0.38311897750921275
60.0 71.2729066673 0.08117385666059818
60.0 73.2532763047 -0.24794170630670465
60.0 75.2336720875 0.05876660392951294
60.0 77.2140940161 -0.3467068863496081
60.0 79.1945420911 0.06563216009914186
60.0 81.175016313 -0.43622190851843357
60.0 83.1555166823 -0.2962747330321065
60.0 85.1360431995 -0.5215319433057743
60.0 87.1165958652 -0.32899915823568904
60.0 89.0971746798 -0.07668198574992857
60.0 91.0777796439 -0.005586022805516677
60.0 93.0584107579 -0.17371685538839188
60.0 95.0390680226 -0.08108005851011058
60.0 97.0197514381 -0.06468119620939206
60.0 99.0004610053 -0.0005258215464891691
60.0 100.981196725 -0.2756194766044757
60.0 102.961958596 0.23103230750811576
60.0 104.942746621 0.1744240106726238
60.0 106.9235608 0.0
60.0 108.904401132 0.0
60.0 110.88526762 0.0
60.0 112.866160262 0.0
60.0 114.84707906 0.06628887673929285
60.0 116.828024015 -0.1359952132939668
60.0 118.808995126 0.38142228243734166
60.0 120.789992394 0.13253593170875888
60.0 122.77101582 0.0
60.0 124.752065405 0.049830016943730016
60.0 126.733141148 0.1969996434314396
60.0 128.714243051 -0.08915619548704967
60.0 130.695371113 -0.1126428770530481
60.0 132.676525336 0.3355342324945525
60.0 134.657705719 -0.177630222080694
60.0 136.638912264 -0.007141585011083862
60.0 138.620144971 -0.609005189522918
60.0 140.60140384 0.50577364216511
60.0 142.582688873 -0.14281040115830024
60.0 144.564000068 0.03323738030894674
60.0 146.545337428 -0.11108830262367064
60.0 148.526700952 0.16920727187044804
60.0 150.508090641 -0.25488116336950384
60.0 152.489506496 -0.5563588644885158
60.0 154.470948517 -0.4902310766123037
60.0 156.452416704 -0.29650303384690346
60.0 158.433911059 -0.5831799592823188
60.0 160.415431581 0.3487329350203652
60.0 162.396978271 -0.09276955198077985
60.0 164.37855113 -0.2866926103030494
60.0 166.360150158 -0.17104141893426572
60.0 168.341775355 0.1511788541662895
60.0 170.323426723 0.0739630520617709
60.0 172.305104262 -0.12769397114703906
60.0 174.286807972 0.005202649673663018
60.0 176.268537853 -0.09735220930787136
60.0 178.250293907 -0.016363660896814736
60.0 180.232076134 -0.2628368068529028
60.0 182.213884534 -0.11277673789703613
60.0 184.195719108 0.761811466285053
60.0 186.177579856 -0.39307726294595113
60.0 188.159466779 0.03455201680824871
60.0 190.141379877 0.3286942589959665
60.0 192.123319151 0.46034442810548626
60.0 194.105284602 0.30449749967201
60.0 196.08727623 0.5911484602859218
60.0 198.069294035 0.1692923075884778
60.0 200.051338018 0.4379240502657922
60.0 202.03340818 0.20503870805691804
60.0 204.01550452 0.26163131177088417
60.0 205.99762704 0.007696903250092646
60.0 207.979775741 -0.21876946459843793
60.0 209.961950622 -0.19477272779153054
60.0 211.944151683 -0.01831781129266119
60.0 213.926378927 0.3165903709696636
60.0 215.908632352 0.12094691617573972
60.0 217.890911961 0.002746932524530621
60.0 219.873217752 0.2129855393295088
60.0 221.855549727 -0.3273421330663666
60.0 223.837907886 0.0797590567691202
60.0 225.82029223 -0.2797157386710296
60.0 227.80270276 -0.035771355821793804
60.0 229.785139475 0.08558737997850585
60.0 231.767602376 0.5933556544452756
60.0 233.750091464 -0.20447133562959152
60.0 235.73260674 0.3191016176237724
60.0 237.715148203 -0.5649302668197436
60.0 239.697715854 -0.1835717589279966
60.0 241.680309695 0.11417238240022698
60.0 243.662929725 -0.49070259061008414
60.0 245.645575945 -0.6432014146740812
60.0 247.628248355 0.46367118459437506
70.0 -179.200470447 0.6841096325593412
70.0 -177.223338822 0.2181670903612769
70.0 -175.246181116 0.2859314720366797
70.0 -173.268997329 0.0924139781982376
70.0 -171.291787459 -0.4653743355950155
70.0 -169.314551506 -0.5244225588702136
70.0 -167.337289471 -0.3107199262556435
70.0 -165.360001351 0.1437441825141832
70.0 -163.382687147 -0.048019757443768185
70.0 -161.405346858 -0.08500141616312362
70.0 -159.427980484 1.2408093911446088
70.0 -157.450588024 -0.11557729592436772
70.0 -155.473169477 0.12084841701235405
70.0 -153.495724844 0.15109627909961887
70.0 -151.518254123 -0.33082410576332677
70.0 -149.540757314 -0.06890327895311543
70.0 -147.563234417 -0.2211319271367529
70.0 -145.585685431 -0.2105008822893808
70.0 -143.608110355 0.28399887828487635
70.0 -141.630509189 0.5173762319315074
70.0 -139.652881933 -0.13136008937121346
70.0 -137.675228585 -0.11720149902868116
70.0 -135.697549147 -0.02113955585858207
70.0 -133.719843616 0.7138340359039717
70.0 -131.742111992 0.7597274265746989
70.0 -129.764354276 0.8505486210042932
70.0 -127.786570465 0.8023054785661827
70.0 -125.808760561 2.615005713124674
70.0 -123.830924562 3.5746568930281626
70.0 -121.853062468 4.314266441081685
70.0 -119.875174278 4.992841634531743
70.0 -117.897259991 6.3673896050456165
70.0 -115.919319609 5.287917338688459
70.0 -113.941353129 4.780431675914173
70.0 -111.963360551 4.770939311535926
70.0 -109.985341875 4.960446794710776
70.0 -108.0072971 5.004960528921714
70.0 -106.029226225 5.3764867719570475
70.0 -104.051129251 6.017031635888657
70.0 -102.073006177 6.533601087057832
70.0 -100.094857002 8.374200946053435
70.0 -98.1166817252 7.01283688769243
70.0 -96.1384803468 7.854514440999537
70.0 -94.1602528658 8.531238989190854
70.0 -92.181999282 10.81201576965185
70.0 -90.2037195948 11.364849873919894
70.0 -88.2254138036 12.575746247664313
70.0 -86.2470819079 14.872709690666909
70.0 -84.2687239072 17.091744856803103
70.0 -82.290339801 17.749856254022262
70.0 -80.3119295888 17.99204824432877
70.0 -78.3334932701 17.14532504376251
70.0 -76.3550308443 16.19769072237986
70.0 -74.376542311 15.811149204233914
70.0 -72.3980276695 12.291704267355982
70.0 -70.4194869195 10.751359543735049
70.0 -68.4409200603 8.932118519300161
70.0 -66.4623270915 7.236984533899431
70.0 -64.4837080125 7.394960781282066
70.0 -62.5050628228 6.444050309078335
70.0 -60.526391522 5.577256018780162
70.0 -58.5476941095 5.415580665722615
70.0 -56.5689705847 3.8180268590641333
70.0 -54.5902209472 3.470597061766739
70.0 -52.6114451964 3.5422935905777138
70.0 -50.6326433319 3.0421186160092475
70.0 -48.6538153531 3.3920741623200854
70.0 -46.6749612595 3.975162107495663
70.0 -44.6960810505 4.094384183229067
70.0 -42.7171747257 4.5387419749012
70.0 -40.7382422846 5.763236921561855
70.0 -38.7592837265 5.997870315911058
70.0 -36.7802990511 6.575643304278003
70.0 -34.8012882577 7.3045568866038195
70.0 -32.822251346 9.879611916420004
70.0 -30.8431883153 9.357809100831588
70.0 -28.8640991651 9.972149000495875
70.0 -26.884983895 11.821632029603364
70.0 -24.9058425043 12.340258455859868
70.0 -22.9266749927 14.834028400464746
70.0 -20.9474813595 16.71894183809428
70.0 -18.9682616042 19.528998596880285
70.0 -16.9890157265 24.696198358390774
70.0 -15.0097437256 28.10754065761313
70.0 -13.0304456011 33.64902488293137
70.0 -11.0511213525 38.81265027610894
70.0 -9.07177097929 43.52741593226861
70.0 -7.09239448094 45.7163207998735
70.0 -5.11299185689 44.34536368070766
70.0 -3.13356310664 41.7615432298563
70.0 -1.15410822974 38.69885795568652
70.0 0.825372774429 34.993306219828895
70.0 2.80487990627 31.86688623715642
70.0 4.78441316639 28.39059607576695
70.0 6.76397255534 24.157433656962837
70.0 8.74355807349 22.693396755230793
70.0 10.7231697215 17.472482998224848
70.0 12.7028074998 13.940689866744435
70.0 14.682471409 11.377014694717047
70.0 16.6621614495 9.331454669176964
70.0 18.6418776219 6.776006830247809
70.0 20.6216199267 5.379668071121785
70.0 22.6013883643 4.136435138040298
70.0 24.5811829355 2.99630463027691
70.0 26.5610036406 2.628273000113751
70.0 28.54085048 1.5263365528247448
70.0 30.5207234546 0.901491446658639
70.0 32.5006225645 0.8597336928127675
70.0 34.4805478106 1.1950591554219159
70.0 36.4604991932 0.7074635515317595
70.0 38.4404767127 0.18694245108292762
70.0 40.4204803699 -0.44750872310655154
70.0 42.4005101651 -0.3308946953656573
70.0 44.380566099 -0.0922203371848127
70.0 46.360648172 -0.04449066723910278
70.0 48.3407563846 -0.2567108514055576
70.0 50.3208907374 1.2941137972174772
70.0 52.3010512308 1.177977818289321
70.0 54.2812378655 -0.7091243957897291
70.0 56.2614506418 -0.4181985999017286
70.0 58.2416895603 0.04974930377343867
70.0 60.2219546217 -0.017286734262398795
70.0 62.2022458262 0.18668708915134857
70.0 64.1825631746 -0.628335570179047
70.0 66.1629066673 0.5766387961731425
70.0 68.1432763047 -0.16739645076177112
70.0 70.1236720875 0.18055190263194731
70.0 72.1040940161 -0.23352307746685597
70.0 74.0845420911 -0.1336284723333847
70.0 76.065016313 0.9902284892825151
70.0 78.0455166823 0.23704043113710327
70.0 80.0260431995 0.4057998294735228
70.0 82.0065958652 -0.2245009869972705
70.0 83.9871746798 -0.0018698371172831685
70.0 85.9677796439 0.14768531270081553
70.0 87.9484107579 0.17715634845257
70.0 89.9290680226 0.26253500852504885
70.0 91.9097514381 -0.4851871163281487
70.0 93.8904610053 0.9939814170015211
70.0 95.8711967246 -0.45096809604876853
70.0 97.8519585963 -0.4580445077305626
70.0 99.8327466213 -0.2712568180000119
70.0 101.8135608 0.0
70.0 103.794401132 0.0
70.0 105.77526762 0.0
70.0 107.756160262 0.0
70.0 109.73707906 0.0
70.0 111.718024015 0.2450928362993352
70.0 113.698995126 -0.29233517444697554
70.0 115.679992394 0.010023596741774554
70.0 117.66101582 0.0
70.0 119.642065405 0.0
70.0 121.623141148 -0.4662834396283415
70.0 123.604243051 -0.05088232183985042
70.0 125.585371113 -0.6807475523498283
70.0 127.566525336 -0.09189020106197177
70.0 129.547705719 -0.20632148589018584
70.0 131.528912264 0.05694722724248891
70.0 133.510144971 -0.38509557563224917
70.0 135.49140384 -0.5784615565407023
70.0 137.472688873 -0.5431625255812662
70.0 139.454000068 0.383789559039883
70.0 141.435337428 -0.2526174089871631
70.0 143.416700952 0.9826043158815025
70.0 145.398090641 -0.30255766896087266
70.0 147.379506496 -0.09011591429674581
70.0 149.360948517 -0.9550831191049554
70.0 151.342416704 -0.02747213057796216
70.0 153.323911059 -0.4642959441396215
70.0 155.305431581 -0.4005677034705286
70.0 157.286978271 -0.46330070052138694
70.0 159.26855113 -1.0965083755356773
70.0 161.250150158 0.30579568293094894
70.0 163.231775355 0.16759773799213917
70.0 165.213426723 -0.19511609558958298
70.0 167.195104262 -0.2293598514220605
70.0 169.176807972 0.5898522884976103
70.0 171.158537853 0.22150599376362834
70.0 173.140293907 0.04858678553881646
70.0 175.122076134 -0.40091996346043857
70.0 177.103884534 0.03297097101508939
70.0 179.085719108 -0.21375533527466928
70.0 181.067579856 -0.12111395507463385
70.0 183.049466779 -0.04212010965858326
70.0 185.031379877 0.8202108311565155
70.0 187.013319151 1.937863348984962
70.0 188.995284602 0.4618217768552597
70.0 190.97727623 0.19007029919512775
70.0 192.959294035 -0.49340704819110215
70.0 194.941338018 0.9193736218525714
70.0 196.92340818 0.1983960478181075
70.0 198.90550452 -0.06635618047388903
70.0 200.88762704 0.2651003780776193
70.0 202.869775741 0.7067490158562748
70.0 204.851950622 -0.3784271234819414
70.0 206.834151683 -0.48544504504724273
70.0 208.816378927 -0.2863219027543664
70.0 210.798632352 1.1259250007208266
70.0 212.780911961 0.4352782138415989
70.0 214.763217752 -0.4822798637247274
70.0 216.745549727 -0.17276698120528522
70.0 218.727907886 -0.277201036687444
70.0 220.71029223 0.15839992283349602
70.0 222.69270276 -0.05798229855648174
70.0 224.675139475 0.5586339543146721
70.0 226.657602376 -0.13376981235998642
70.0 228.640091464 0.14578775863549254
70.0 230.62260674 -0.3567121244800546
70.0 232.605148203 -0.3822884024759503
70.0 234.587715854 -0.003960165182746778
70.0 236.570309695 -0.21674665150200667
70.0 238.552929725 -0.4656672493653957
70.0 240.535575945 -0.058741495827860035
70.0 242.518248355 -0.12998907704181306
80.0 -185.200470447 0.25739500832048634
80.0 -183.223338822 0.17154403362451376
80.0 -181.246181116 0.09509517979273596
80.0 -179.268997329 -0.32195688334047645
80.0 -177.291787459 -0.021617487120863643
80.0 -175.314551506 -0.47189196409013334
80.0 -173.337289471 -0.46978564798365596
80.0 -171.360001351 1.1376961262931218
80.0 -169.382687147 0.12954802262768794
80.0 -167.405346858 0.3367647037279653
80.0 -165.427980484 0.44034083110804545
80.0 -163.450588024 -0.04472893490202523
80.0 -161.473169477 -0.39344993516087357
80.0 -159.495724844 -0.8178275117280975
80.0 -157.518254123 -0.2598670078354246
80.0 -155.540757314 0.019426232084271078
80.0 -153.563234417 0.216046862408092
80.0 -151.585685431 -0.11101046367048184
80.0 -149.608110355 -0.08075109414755843
80.0 -147.630509189 0.1738196217839345
80.0 -145.652881933 -0.3863036662594368
80.0 -143.675228585 -0.08112630983720237
80.0 -141.697549147 0.31534633827175185
80.0 -139.719843616 1.245108924134314
80.0 -137.742111992 1.4251560926049365
80.0 -135.764354276 1.7384824873390698
80.0 -133.786570465 1.5850827508321856
80.0 -131.808760561 2.198951524349553
80.0 -129.830924562 3.398083447996612
80.0 -127.853062468 3.17947316067162
80.0 -125.875174278 3.5811153000894365
80.0 -123.897259991 4.36700450277354
80.0 -121.919319609 3.665135404029712
80.0 -119.941353129 4.013502638014842
80.0 -117.963360551 3.9051008376679874
80.0 -115.985341875 3.9959246347359567
80.0 -114.0072971 3.4709686597820735
80.0 -112.029226225 4.061227542177505
80.0 -110.051129251 3.83969591008227
80.0 -108.073006177 4.576368390482116
80.0 -106.094857002 5.898239609170105
80.0 -104.116681725 7.080304190746546
80.0 -102.138480347 8.863556758599373
80.0 -100.160252866 11.291991934952335
80.0 -98.181999282 12.801604340816453
80.0 -96.2037195948 14.43138859601109
80.0 -94.2254138036 15.387339319168063
80.0 -92.2470819079 17.082451127722493
80.0 -90.2687239072 18.183718637915547
80.0 -88.290339801 18.448136464794544
80.0 -86.3119295888 18.265699222212646
80.0 -84.3334932701 17.242401522828715
80.0 -82.3550308443 16.57323797810838
80.0 -80.376542311 15.508203198320615
80.0 -78.3980276695 13.53029179254301
80.0 -76.4194869195 12.010498368654083
80.0 -74.4409200603 10.819817533341762
80.0 -72.4623270915 10.660243892095849
80.0 -70.4837080125 9.00877204921295
80.0 -68.5050628228 7.981396607793471
80.0 -66.526391522 7.90111216974131
80.0 -64.5476941095 7.876913335767
80.0 -62.5689705847 7.5537947053854
80.0 -60.5902209472 8.887750876913401
80.0 -58.6114451964 10.003776447474166
80.0 -56.6326433319 10.620866012992622
80.0 -54.6538153531 11.138014168199703
80.0 -52.6749612595 11.55921550662896
80.0 -50.6960810505 11.635464620618592
80.0 -48.7171747257 11.843756101308003
80.0 -46.7382422846 11.965084538641094
80.0 -44.7592837265 12.058444521367022
80.0 -42.7802990511 11.517830637033626
80.0 -40.8012882577 10.929237471996146
80.0 -38.822251346 12.67265961140805
80.0 -36.8431883153 13.415091639229985
80.0 -34.8640991651 13.689528138222926
80.0 -32.884983895 15.662963689949038
80.0 -30.9058425043 18.10739287477614
80.0 -28.9266749927 21.760810271869758
80.0 -26.9474813595 24.950210459201855
80.0 -24.9682616042 27.81058801354405
80.0 -22.9890157265 32.328937510467426
80.0 -21.0097437256 38.30525352435035
80.0 -19.0304456011 43.447530628368185
80.0 -17.0511213525 48.56776339449871
80.0 -15.0717709793 51.07594639352098
80.0 -13.0923944809 54.62007419501623
80.0 -11.1129918569 54.64614136736455
80.0 -9.13356310664 54.61714247774958
80.0 -7.15410822974 51.91507209215271
80.0 -5.17462722557 48.85292477535856
80.0 -3.19512009373 45.01169509094976
80.0 -1.21558683361 39.049377601311505
80.0 0.763972555338 30.849966867628524
80.0 2.74355807349 24.256457449883726
80.0 4.72316972153 17.40084390686326
80.0 6.70280749979 12.241120796149346
80.0 8.68247140896 8.315282674127644
80.0 10.6621614495 5.934324095980884
80.0 12.6418776219 4.275239615691618
80.0 14.6216199267 2.742023786042182
80.0 16.6013883643 1.8186711586124318
80.0 18.5811829355 1.0071762837856681
80.0 20.5610036406 0.42253371073871904
80.0 22.54085048 0.34573798744821715
80.0 24.5207234546 0.13178366069459457
80.0 26.5006225645 -0.24433472395134004
80.0 28.4805478106 0.12237737788760228
80.0 30.4604991932 0.038914509380845175
80.0 32.4404767127 -0.13772878750302198
80.0 34.4204803699 -0.639557971993554
80.0 36.4005101651 0.0854214954727297
80.0 38.380566099 -0.005795846739260924
80.0 40.360648172 -0.18321546146972878
80.0 42.3407563846 0.6161571872394802
80.0 44.3208907374 -0.09768336585528914
80.0 46.3010512308 0.5242574127977093
80.0 48.2812378655 -0.05902594444992815
80.0 50.2614506418 -0.40153890645333945
80.0 52.2416895603 -0.29728694326814775
80.0 54.2219546217 0.1907244738474958
80.0 56.2022458262 -0.025510127572232477
80.0 58.1825631746 0.2450037788082966
80.0 60.1629066673 0.47026071811765746
80.0 62.1432763047 -0.12574478571937675
80.0 64.1236720875 -0.2220182099796375
80.0 66.1040940161 -0.38756503314641577
80.0 68.0845420911 0.3176092650943474
80.0 70.065016313 0.096499203851522
80.0 72.0455166823 0.053099301029504886
80.0 74.0260431995 -0.22359592667197603
80.0 76.0065958652 0.053408036242814205
80.0 77.9871746798 -0.1708942959366766
80.0 79.9677796439 -0.07150841012463616
80.0 81.9484107579 -0.4724397944417831
80.0 83.9290680226 -0.1806939382115047
80.0 85.9097514381 0.3997236680329479
80.0 87.8904610053 0.08080753255782724
80.0 89.8711967246 0.3515521624205462
80.0 91.8519585963 -0.5330479365277654
80.0 93.8327466213 -0.02299825963845592
80.0 95.8135607998 0.0
80.0 97.7944011325 0.0
80.0 99.7752676198 0.0
80.0 101.756160262 0.5775882569938915
80.0 103.73707906 0.0
80.0 105.718024015 0.4036372024812067
80.0 107.698995126 -0.09591866100049629
80.0 109.679992394 0.16113124509567456
80.0 111.66101582 0.0
80.0 113.642065405 0.6030263399705689
80.0 115.623141148 0.12486051269786458
80.0 117.604243051 -0.02372157708904865
80.0 119.585371113 -0.09972544043762355
80.0 121.566525336 -0.8271565895935851
80.0 123.547705719 -0.38002053801932334
80.0 125.528912264 0.02667719962281012
80.0 127.510144971 -0.1670688925430568
80.0 129.49140384 -0.046264331600525566
80.0 131.472688873 -0.576914635838051
80.0 133.454000068 -0.49002532475941507
80.0 135.435337428 -0.3356019190691484
80.0 137.416700952 0.06835005931364435
80.0 139.398090641 -0.1591749127364892
80.0 141.379506496 -0.1231823595543915
80.0 143.360948517 -0.17267780668481691
80.0 145.342416704 -0.1526667808813329
80.0 147.323911059 -0.3021548101071403
80.0 149.305431581 -0.24114742353467022
80.0 151.286978271 -0.33865015154631806
80.0 153.26855113 -0.4676685257347515
80.0 155.250150158 -0.20320807890186643
80.0 157.231775355 -0.2942743450589944
80.0 159.213426723 0.13912714056897357
80.0 161.195104262 -0.46600915845053237
80.0 163.176807972 0.17931122024012325
80.0 165.158537853 0.09608273778837884
80.0 167.140293907 -0.08970014587455921
80.0 169.122076134 0.057957027976641484
80.0 171.103884534 -0.05295128314313047
80.0 173.085719108 0.2525693770664361
80.0 175.067579856 0.3305134636981393
80.0 177.049466779 0.022875430629369475
80.0 179.031379877 0.6826497305302439
80.0 181.013319151 0.8678308148546705
80.0 182.995284602 -0.06658686615583065
80.0 184.97727623 0.012391136533523195
80.0 186.959294035 0.2867592707459039
80.0 188.941338018 0.9345119830867077
80.0 190.92340818 0.039643718948383366
80.0 192.90550452 -0.02185107747584425
80.0 194.88762704 0.08102203677481157
80.0 196.869775741 0.3562575034540032
80.0 198.851950622 0.10284976311788796
80.0 200.834151683 -0.4782067448967666
80.0 202.816378927 0.31708241750865795
80.0 204.798632352 0.32471168726084443
80.0 206.780911961 -0.0683244999699184
80.0 208.763217752 -0.30203170968209747
80.0 210.745549727 0.012584491375747575
80.0 212.727907886 -0.4294814647401495
80.0 214.71029223 0.6067648528026268
80.0 216.69270276 -0.3566821263782458
80.0 218.675139475 -0.12682797385724598
80.0 220.657602376 0.21832173755558415
80.0 222.640091464 0.2397614338350138
80.0 224.62260674 0.10548553974066976
80.0 226.605148203 0.2654884788422862
80.0 228.587715854 -0.47823532652932954
80.0 230.570309695 0.16730854472740475
80.0 232.552929725 -0.6088854874614924
80.0 234.535575945 -0.30282300441146504
80.0 236.518248355 -0.117509588639507
90.0 -191.910470447 0.6255088514321301
90.0 -189.933338822 0.02099036483949135
90.0 -187.956181116 -0.5683712837092116
90.0 -185.978997329 0.01240391500482474
90.0 -184.001787459 -0.2907038897171219
90.0 -182.024551506 -0.6477144084137478
90.0 -180.047289471 -0.11464721146336387
90.0 -178.070001351 0.8834782708703983
90.0 -176.092687147 0.6846427485621689
90.0 -174.115346858 0.13082707176516806
90.0 -172.137980484 -0.05698776913254733
90.0 -170.160588024 -0.3128206435126515
90.0 -168.183169477 -0.24569028049569397
90.0 -166.205724844 0.542384731096206
90.0 -164.228254123 -0.19761405729121861
90.0 -162.250757314 -0.4687049538765393
90.0 -160.273234417 0.016093873455218954
90.0 -158.295685431 -0.023235602836109592
90.0 -156.318110355 -0.5127112699180145
90.0 -154.340509189 -0.6373508745600418
90.0 -152.362881933 -0.1061720231234915
90.0 -150.385228585 -0.29719218155469207
90.0 -148.407549147 0.06757132467078009
90.0 -146.429843616 0.17910131051269218
90.0 -144.452111992 0.4133807314325111
90.0 -142.474354276 0.6293926833972989
90.0 -140.496570465 0.4391204028767959
90.0 -138.518760561 1.1815472669019016
90.0 -136.540924562 1.2176567930448527
90.0 -134.563062468 1.9674326394625155
90.0 -132.585174278 2.828858604903843
90.0 -130.607259991 2.5509186287322336
90.0 -128.629319609 3.9095967909504736
90.0 -126.651353129 4.079877312200779
90.0 -124.673360551 4.357744553802576
90.0 -122.695341875 4.851183017763162
90.0 -120.7172971 4.415177346795616
90.0 -118.739226225 5.854712324339289
90.0 -116.761129251 6.414772874579171
90.0 -114.783006177 7.967344062461592
90.0 -112.804857002 8.911411093715259
90.0 -110.826681725 11.105959314869665
90.0 -108.848480347 13.092974213272612
90.0 -106.870252866 15.203441417110781
90.0 -104.891999282 16.890346695426445
90.0 -102.913719595 17.630675958136436
90.0 -100.935413804 17.773415256052402
90.0 -98.9570819079 17.9485507808989
90.0 -96.9787239072 19.354068865329026
90.0 -95.000339801 20.50695598294763
90.0 -93.0219295888 22.352198748327368
90.0 -91.0434932701 22.080783917028043
90.0 -89.0650308443 22.08269838561523
90.0 -87.086542311 20.871929191678618
90.0 -85.1080276695 19.268463513851685
90.0 -83.1294869195 17.763288671828548
90.0 -81.1509200603 15.623392126385
90.0 -79.1723270915 14.648761479395006
90.0 -77.1937080125 12.981384473851023
90.0 -75.2150628228 12.891248993881675
90.0 -73.236391522 13.14134306477041
90.0 -71.2576941095 13.223654852975216
90.0 -69.2789705847 13.996172666146833
90.0 -67.3002209472 15.66188495314637
90.0 -65.3214451964 16.514780304065738
90.0 -63.3426433319 17.023847450244745
90.0 -61.3638153531 17.135075264291316
90.0 -59.3849612595 17.11545276009906
90.0 -57.4060810505 16.405969092866826
90.0 -55.4271747257 15.686613559116097
90.0 -53.4482422846 16.048375596710883
90.0 -51.4692837265 14.699244784877067
90.0 -49.4902990511 13.875210844218344
90.0 -47.5112882577 13.092263636738494
90.0 -45.532251346 13.731393165856588
90.0 -43.5531883153 14.014589576429188
90.0 -41.5740991651 14.793843154766563
90.0 -39.594983895 16.563144328651504
90.0 -37.6158425043 18.387483667360357
90.0 -35.6366749927 21.84085188167805
90.0 -33.6574813595 25.03023982392085
90.0 -31.6782616042 30.4796384879522
90.0 -29.6990157265 37.089039009201315
90.0 -27.7197437256 42.89943266468549
90.0 -25.7404456011 49.01781087302433
90.0 -23.7611213525 53.950165194460936
90.0 -21.7817709793 59.15348733088021
90.0 -19.8023944809 60.57976912582805
90.0 -17.8229918569 61.00500256452861
90.0 -15.8435631066 60.11717977390549
90.0 -13.8641082297 58.43729302259712
90.0 -11.8846272256 56.75933472097884
90.0 -9.90512009373 53.80229742118007
90.0 -7.92558683361 48.70617381710284
90.0 -5.94602744466 42.17095674444124
90.0 -3.96644192651 32.6376391806991
90.0 -1.98683027847 22.07321424521072
90.0 -0.0071925002112 14.118675199156996
90.0 1.97247140896 9.533015445587012
90.0 3.9521614495 6.41122852943451
90.0 5.93187762187 4.376308137537393
90.0 7.91161992668 2.48624809865737
90.0 9.89138836434 1.8190423834971057
90.0 11.8711829355 1.1716851047207228
90.0 13.8510036406 0.32417051697100874
90.0 15.83085048 -0.23750698311141605
90.0 17.8107234546 0.5586471431328732
90.0 19.7906225645 -0.1813724236037615
90.0 21.7705478106 0.01042913942816881
90.0 23.7504991932 -0.3919532029505888
90.0 25.7304767127 0.46547565617311193
90.0 27.7104803699 -0.4722890341755317
90.0 29.6905101651 -0.9052518828432596
90.0 31.670566099 -0.20941735652723992
90.0 33.650648172 -0.11978977975837779
90.0 35.6307563846 0.19562666511876614
90.0 37.6108907374 0.20982793796454757
90.0 39.5910512308 0.09281014086244
90.0 41.5712378655 -0.013430481861007593
90.0 43.5514506418 -0.6528975436190763
90.0 45.5316895603 0.3934054844556272
90.0 47.5119546217 -0.06652472647058971
90.0 49.4922458262 -0.2706913629148744
90.0 51.4725631746 0.13290253094325521
90.0 53.4529066673 0.019254053278530137
90.0 55.4332763047 -0.15063955536018625
90.0 57.4136720875 -0.16678091203078793
90.0 59.3940940161 -0.030172491380028532
90.0 61.3745420911 -0.4898166256239733
90.0 63.355016313 0.01128449547047694
90.0 65.3355166823 0.1211288246044262
90.0 67.3160431995 -0.03428554303414444
90.0 69.2965958652 0.4190396302485908
90.0 71.2771746798 0.3391027246707381
90.0 73.2577796439 0.008902262994070043
90.0 75.2384107579 -0.03556308945772457
90.0 77.2190680226 -0.3242945247797877
90.0 79.1997514381 0.6267069075325082
90.0 81.1804610053 0.7404403006025291
90.0 83.1611967246 -0.6270951098088631
90.0 85.1419585963 -0.1988999452844098
90.0 87.1227466213 0.2090253152681214
90.0 89.1035607998 0.0
90.0 91.0844011325 0.0
90.0 93.0652676198 0.0
90.0 95.0461602623 0.24902273429577804
90.0 97.0270790605 0.7245962863264026
90.0 99.0080240148 0.5379000581741877
90.0 100.988995126 -0.6170654298148008
90.0 102.969992394 -0.7002995144670763
90.0 104.95101582 1.1861986102334754
90.0 106.932065405 0.19042989316682224
90.0 108.913141148 -0.16460457390061833
90.0 110.894243051 -0.8689035563068899
90.0 112.875371113 0.1885343235365724
90.0 114.856525336 0.4637105861507962
90.0 116.837705719 0.23762689502186163
90.0 118.818912264 1.0792850566053858
90.0 120.800144971 0.6556870203575897
90.0 122.78140384 0.28883487874975344
90.0 124.762688873 -0.12626913271950002
90.0 126.744000068 -0.3516226354867058
90.0 128.725337428 -0.41122310793292627
90.0 130.706700952 0.4369321146637901
90.0 132.688090641 0.11184584012789855
90.0 134.669506496 -0.5854789805885048
90.0 136.650948517 -0.1360392533828758
90.0 138.632416704 -0.339831740986682
90.0 140.613911059 0.0971469370451814
90.0 142.595431581 -0.11809969562671085
90.0 144.576978271 -0.41756797212744345
90.0 146.55855113 -0.5112540823410541
90.0 148.540150158 0.20184592711299842
90.0 150.521775355 -0.1672638471055734
90.0 152.503426723 -0.8265791650482868
90.0 154.485104262 -0.432095643440789
90.0 156.466807972 -0.3298087556727012
90.0 158.448537853 -0.23571383177878147
90.0 160.430293907 -0.40080605843022
90.0 162.412076134 0.05591952110410148
90.0 164.393884534 -0.08253199303311476
90.0 166.375719108 -0.16215535727388897
90.0 168.357579856 0.2200548154040689
90.0 170.339466779 -0.09189594451396488
90.0 172.321379877 0.22299803694969
90.0 174.303319151 0.4927425772732761
90.0 176.285284602 0.08034363745969131
90.0 178.26727623 0.38080732206151424
90.0 180.249294035 -0.14786012080580235
90.0 182.231338018 0.02634770054908131
90.0 184.21340818 0.06543732141798841
90.0 186.19550452 0.12441542072437528
90.0 188.17762704 -0.09571117898781267
90.0 190.159775741 -0.004935511511405366
90.0 192.141950622 0.49974953304959513
90.0 194.124151683 0.341351208280571
90.0 196.106378927 0.4488769114621505
90.0 198.088632352 0.21633418363964552
90.0 200.070911961 -0.4482692904210239
90.0 202.053217752 -0.0679256821511558
90.0 204.035549727 -0.5946270192173131
90.0 206.017907886 -0.5773651854644868
90.0 208.00029223 0.06786807908397918
90.0 209.98270276 0.012081178251719393
90.0 211.965139475 0.17328265974103374
90.0 213.947602376 0.4944812151261999
90.0 215.930091464 0.6676856798852953
90.0 217.91260674 0.11190503341916269
90.0 219.895148203 -0.09385160091673583
90.0 221.877715854 -0.44957495581911644
90.0 223.860309695 0.08474437998850703
90.0 225.842929725 -0.3028840381994655
90.0 227.825575945 -0.49945051108380767
90.0 229.808248355 0.4580548046775732
117.5 -214.120470447 0.028476824151567826
117.5 -212.143338822 0.48185353948119314
117.5 -210.166181116 -0.8472089729959009
117.5 -208.188997329 -0.5887169629670268
117.5 -206.211787459 -0.6206766774106995
117.5 -204.234551506 2.737905639445131
117.5 -202.257289471 0.903023746111387
117.5 -200.280001351 3.155671403791189
117.5 -198.302687147 -1.1151576235433822
117.5 -196.325346858 2.6725304307920226
117.5 -194.347980484 0.78272933622236
117.5 -192.370588024 0.11743286489578963
117.5 -190.393169477 -1.400365208306681
117.5 -188.415724844 -2.2646711057554683
117.5 -186.438254123 -2.2224910471115322
117.5 -184.460757314 -0.9218312492866403
117.5 -182.483234417 0.6263020735409839
117.5 -180.505685431 -1.0680972900796633
117.5 -178.528110355 1.859964451135454
117.5 -176.550509189 -1.2455189087878296
117.5 -174.572881933 -0.3485535730885658
117.5 -172.595228585 -2.829145742281952
117.5 -170.617549147 -0.6233016141233634
117.5 -168.639843616 -1.830027383660365
117.5 -166.662111992 -1.0293292431859697
117.5 -164.684354276 -0.38621338225115664
117.5 -162.706570465 1.7173140123108226
117.5 -160.728760561 -1.2057532435705127
117.5 -158.750924562 0.5115786687538844
117.5 -156.773062468 -1.6576964293186052
117.5 -154.795174278 -1.298584713655373
117.5 -152.817259991 0.5099076426162981
117.5 -150.839319609 -0.08722553087966389
117.5 -148.861353129 -0.5139904017972867
117.5 -146.883360551 -0.12239313503820881
117.5 -144.905341875 2.952560107236934
117.5 -142.9272971 0.4598631656060377
117.5 -140.949226225 0.8565098833896627
117.5 -138.971129251 -0.2425058933438322
117.5 -136.993006177 -1.1651903157887205
117.5 -135.014857002 2.556450467604435
117.5 -133.036681725 2.543410311129236
117.5 -131.058480347 0.531683071827274
117.5 -129.080252866 -0.36073739052116593
117.5 -127.101999282 1.3241427866131232
117.5 -125.123719595 3.4473174685043375
117.5 -123.145413804 2.8857805231708937
117.5 -121.167081908 3.1725258213776897
117.5 -119.188723907 6.170547236637333
117.5 -117.210339801 6.45583864520907
117.5 -115.231929589 8.522393926098516
117.5 -113.25349327 12.194206961059336
117.5 -111.275030844 12.030271634593873
117.5 -109.296542311 9.801581833952781
117.5 -107.318027669 14.750131449135012
117.5 -105.339486919 15.216914372889647
117.5 -103.36092006 14.776924500714927
117.5 -101.382327091 10.51915573085941
117.5 -99.4037080125 11.202601964321957
117.5 -97.4250628228 12.493257104852546
117.5 -95.446391522 9.864115058952251
117.5 -93.4676941095 9.546169735873889
117.5 -91.4889705847 8.700415047622386
117.5 -89.5102209472 9.393844908954947
117.5 -87.5314451964 10.097453237381842
117.5 -85.5526433319 11.25423395316642
117.5 -83.5738153531 18.56718097932577
117.5 -81.5949612595 19.080288241630996
117.5 -79.6160810505 27.249549668607727
117.5 -77.6371747257 31.930959191536203
117.5 -75.6582422846 32.54951074445202
117.5 -73.6792837265 40.57819826414658
117.5 -71.7002990511 42.00601569016686
117.5 -69.7212882577 47.13695696481676
117.5 -67.742251346 46.65401603315638
117.5 -65.7631883153 49.199186843003616
117.5 -63.7840991651 50.7044633449338
117.5 -61.804983895 52.094839492279874
117.5 -59.8258425043 49.06530924113386
117.5 -57.8466749927 50.40186655034569
117.5 -55.8674813595 47.96350538152532
117.5 -53.8882616042 43.086219699041976
117.5 -51.9090157265 39.01600347002426
117.5 -49.9297437256 35.482850664362275
117.5 -47.9504456011 34.522755254706055
117.5 -45.9711213525 34.17471121646702
117.5 -43.9917709793 30.4867125278181
117.5 -42.0123944809 24.18475316969443
117.5 -40.0329918569 24.63082712579299
117.5 -38.0535631066 19.77592838257422
117.5 -36.0741082297 19.29705092926082
117.5 -34.0946272256 19.946188757839707
117.5 -32.1151200937 21.53333586306161
117.5 -30.1355868336 24.733486242441273
117.5 -28.1560274447 32.669633896258574
117.5 -26.1764419265 38.18777282755826
117.5 -24.1968302785 43.79989704215066
117.5 -22.2171925002 45.9780005486119
117.5 -20.237528591 48.99407735828473
117.5 -18.2578385505 51.436121485278136
117.5 -16.2781223781 51.82012694646866
117.5 -14.2983800733 49.497087761500154
117.5 -12.3186116357 49.13799795278405
117.5 -10.3388170645 49.61385154550101
117.5 -8.35899635944 45.58164256759923
117.5 -6.37914951995 36.63236504979665
117.5 -4.3992765454 22.245013025580732
117.5 -2.41937743545 11.497580531208342
117.5 -0.439452189377 5.690061605707314
117.5 1.54049919315 6.821450290875475
117.5 3.52047671273 3.628740631282085
117.5 5.50048036992 3.3589266742679342
117.5 7.48051016514 0.06900246994536019
117.5 9.46056609902 0.2969620711993457
117.5 11.440648172 0.2077995336871652
117.5 13.4207563846 -1.4164910841606115
117.5 15.4008907374 1.4750842788600096
117.5 17.3810512308 0.37151968672668545
117.5 19.3612378655 -1.1681907938083214
117.5 21.3414506418 -0.5360530932185554
117.5 23.3216895603 -0.047073139202183256
117.5 25.3019546217 -1.213256856681852
117.5 27.2822458262 0.16038983219510783
117.5 29.2625631746 -0.7161389919417616
117.5 31.2429066673 -0.7028492456867639
117.5 33.2232763047 2.473253157142949
117.5 35.2036720875 -1.099837694492095
117.5 37.1840940161 -0.598127708853923
117.5 39.1645420911 -0.22062279142605234
117.5 41.145016313 0.0
117.5 43.1255166823 0.26374823075761356
117.5 45.1060431995 -0.8193974615591628
117.5 47.0865958652 0.1642281837693531
117.5 49.0671746798 -1.001380724843358
117.5 51.0477796439 -0.24823007620329918
117.5 53.0284107579 0.9506742436646789
117.5 55.0090680226 0.6133263515168608
117.5 56.9897514381 -0.4152796331082129
117.5 58.9704610053 -0.9031495878903684
117.5 60.9511967246 -0.7882893877264792
117.5 62.9319585963 0.6412950952697543
117.5 64.9127466213 0.4385979917673808
117.5 66.8935607998 0.0
117.5 68.8744011325 0.0
117.5 70.8552676198 0.0
117.5 72.8361602623 0.0
117.5 74.8170790605 1.4876834450985825
117.5 76.7980240148 2.4851737225848467
117.5 78.778995126 -0.9206585937729983
117.5 80.7599923943 -1.9478193510233552
117.5 82.7410158204 0.27968560657137687
117.5 84.7220654049 -1.6651495624638528
117.5 86.7031411481 -0.41033069681529355
117.5 88.6842430506 -1.3888636323819412
117.5 90.665371113 -0.5357542022742336
117.5 92.6465253356 0.8329917631874082
117.5 94.6277057192 0.30636843647013734
117.5 96.6089122641 -1.8846300071672886
117.5 98.5901449711 2.0999906103220667
117.5 100.57140384 2.917224469780024
117.5 102.552688873 0.35506575482861535
117.5 104.534000068 -1.8604913480989467
117.5 106.515337428 -0.9714526498017335
117.5 108.496700952 1.0561760417326411
117.5 110.478090641 -2.585611078700623
117.5 112.459506496 0.6391801864861577
117.5 114.440948517 0.7185440376795782
117.5 116.422416704 -0.8195253219394658
117.5 118.403911059 1.3949663135915955
117.5 120.385431581 2.0110131530485376
117.5 122.366978271 0.06760940798977799
117.5 124.34855113 0.04374929276858097
117.5 126.330150158 2.0504270245408804
117.5 128.311775355 0.7876368232592768
117.5 130.293426723 1.109372911657772
117.5 132.275104262 -0.08537048471799835
117.5 134.256807972 -0.6585991375245044
117.5 136.238537853 1.980681184380046
117.5 138.220293907 1.1964647149184486
117.5 140.202076134 0.8537456908287027
117.5 142.183884534 -0.050481648351620834
117.5 144.165719108 -0.037223060294763854
117.5 146.147579856 -1.1964842998638119
117.5 148.129466779 0.9517288808687567
117.5 150.111379877 -2.254589267359165
117.5 152.093319151 -0.03844449101879377
117.5 154.075284602 1.7311574662194857
117.5 156.05727623 1.6592108634977478
117.5 158.039294035 -2.521290037239339
117.5 160.021338018 -1.9133509712555394
117.5 162.00340818 -1.3789776710123363
117.5 163.98550452 -1.6471758661437548
117.5 165.96762704 1.9840487164838692
117.5 167.949775741 -0.29930964718039377
117.5 169.931950622 0.341743321642781
117.5 171.914151683 -1.620798095473873
117.5 173.896378927 -0.6389396141932195
117.5 175.878632352 0.7573130526953378
117.5 177.860911961 0.3539541951393801
117.5 179.843217752 -1.7310218940361324
117.5 181.825549727 -1.875620919256619
117.5 183.807907886 -0.5358485821110719
117.5 185.79029223 0.06428941860420423
117.5 187.77270276 -0.740212613099601
117.5 189.755139475 2.3076396296293638
117.5 191.737602376 0.354840456420618
117.5 193.720091464 0.6513841797122382
117.5 195.70260674 0.3722651147515421
117.5 197.685148203 -0.38552242036925577
117.5 199.667715854 -2.9759841047814177
117.5 201.650309695 0.6578743851757451
117.5 203.632929725 2.529047376028359
117.5 205.615575945 1.8035291970784044
117.5 207.598248355 -1.1836858195413242
