vel Tant_raw Tant_corr
-250.240470447 215.878 -0.2595203690455321
-248.263338822 214.973 -1.13815163234662
-246.286181116 216.529 0.4422119388962926
-244.308997329 216.692 0.6276142242130618
-242.331787459 214.967 -1.0769012882187496
-240.354551506 216.945 0.9197084983292427
-238.377289471 216.011 0.002486289101938155
-236.400001351 216.422 0.42847439784878816
-234.422687147 216.684 0.7037147467040938
-232.445346858 214.852 -1.1167511338149154
-230.467980484 215.91 -0.04888210488212508
-228.490588024 217.181 1.2303625805969887
-226.513169477 214.43 -1.5139767220733802
-224.535724844 215.758 -0.18086004943563694
-222.558254123 215.532 -0.4032478299158413
-220.580757314 215.614 -0.3191008838903997
-218.603234417 216.035 0.10261957626926232
-216.625685431 215.395 -0.538048053855789
-214.648110355 216.057 0.12193422921379238
-212.670509189 215.814 -0.124395963194047
-210.692881933 216.764 0.8209985880458248
-208.715228585 217.12 1.171154709797122
-206.737549147 216.89 0.9341088366274448
-204.759843616 216.048 0.08389701072815114
-202.782111992 217.625 1.6515548818878187
-200.804354276 215.693 -0.2908822925620598
-198.826570465 214.227 -1.7683796478269471
-196.848760561 215.563 -0.44490271165238937
-194.870924562 215.881 -0.14041740442695527
-192.893062468 216.013 -0.02289003919892707
-190.915174278 216.915 0.863712678252682
-188.937259991 217.728 1.6604236493721203
-186.959319609 215.29 -0.7947246171982556
-184.981353129 216.776 0.6732999942618676
-183.003360551 216.206 0.08452920656594642
-181.025341875 215.913 -0.22800565045542953
-179.0472971 215.321 -0.8402736400172728
-177.069226225 216.256 0.0737557815769776
-175.091129251 215.611 -0.5928872350945085
-173.113006177 215.955 -0.2711729326662464
-171.134857002 215.781 -0.4680719470174495
-169.156681725 213.912 -2.360555307323864
-167.178480347 216.308 0.011405563914820505
-165.200252866 216.865 0.5438388507627394
-163.221999282 216.648 0.3017723438559301
-161.243719595 217.437 1.0652334403267787
-159.265413804 216.036 -0.36175085626146597
-157.287081908 215.244 -1.1801539359543085
-155.308723907 215.62 -0.83094958244439
-153.330339801 218.3 1.8218880268634052
-151.351929589 217.547 1.0413843207860225
-149.37349327 217.297 0.7635643343233482
-147.395030844 217.209 0.6474527086204773
-145.416542311 217.828 1.2380736909017855
-143.438027669 217.096 0.47745113438986664
-141.459486919 216.523 -0.12439150167458024
-139.48092006 216.61 -0.06643115215695161
-137.502327091 215.989 -0.7166451460523717
-135.523708012 219.265 2.5299887934774006
-133.545062823 215.502 -1.2625074509629144
-131.566391522 215.58 -1.2141123910844556
-129.587694109 216.201 -0.6228049329064334
-127.608970585 215.332 -1.521564376822937
-125.630220947 216.95 0.06662958226942806
-123.651445196 216.67 -0.2432031449601766
-121.672643332 216.637 -0.306043042404184
-119.693815353 217.007 0.034129011415956256
-117.714961259 216.907 -0.0956682566419147
-115.73608105 216.085 -0.9474165144231108
-113.757174726 217.4 0.3379021754716405
-111.778242285 217.432 0.34030535560413
-109.799283727 217.664 0.5428101737065276
-107.820299051 216.505 -0.6455666174159091
-105.841288258 216.651 -0.5288086598923769
-103.862251346 216.39 -0.8188999909129109
-101.883188315 217.445 0.20717495729368807
-99.9040991651 217.67 0.4034313573788779
-97.924983895 219.649 2.353883986800952
-95.9458425043 217.195 -0.12845277219406626
-93.9666749927 217.465 0.11343506736383802
-91.9874813595 217.709 0.3295610971091776
-90.0082616042 217.681 0.27393851329739505
-88.0290157265 216.367 -1.0674198832476236
-86.0497437256 218.495 1.0334983128046815
-84.0704456011 218.111 0.6227051112514914
-82.0911213525 217.439 -0.0757878737022395
-80.1117709793 216.622 -0.9189694234950707
-78.1323944809 218.065 0.49817128473759453
-76.1529918569 218.464 0.8716446781151319
-74.1735631066 218.202 0.5844607879528496
-72.1941082297 218.583 0.9406292497186541
-70.2146272256 217.246 -0.42084069702809757
-68.2351200937 216.217 -1.4739402086851214
-66.2555868336 216.719 -0.9956608376570841
-64.2760274447 218.102 0.3640054675872477
-62.2964419265 218.371 0.6100663624662843
-60.3168302785 218.622 0.838529106231988
-58.3371925002 216.944 -0.8615994380823224
-56.357528591 217.476 -0.3513128037154445
-54.3778385505 217.401 -0.4476049202274055
-52.3981223781 217.112 -0.7574701135561668
-50.4183800733 216.839 -1.0509031060666132
-48.4386116357 219.025 1.1151009833968715
-46.4588170645 216.836 -1.0934533605468744
-44.4789963594 217.547 -0.40156204985925115
-42.49914952 217.978 0.010778606859787487
-40.5192765454 218.698 0.7125719043155812
-38.5393774355 217.164 -0.8391792595213019
-36.5594521894 217.165 -0.8554723834823221
-34.5795008068 216.872 -1.1653053632406625
-32.5995232873 218.683 0.6293235086299376
-30.6195196301 217.359 -0.7105844573993636
-28.6394898349 218.529 0.44397165214226675
-26.659433901 218.187 0.08699235366592006
-24.679351828 219.903 1.7884777664756655
-22.6992436154 221.058 2.92942761271334
-20.7191092626 220.86 2.71784121730596
-18.7389487692 226.299 8.14371750791554
-16.7587621345 226.409 8.241055014883159
-14.7785493582 229.865 11.684851871181195
-12.7983104397 233.928 15.736105812356243
-10.8180453783 243.728 25.524814176478174
-8.83775417381 254.973 36.75897390409102
-6.85743682541 267.288 49.06358153815415
-4.87709333275 278.951 60.71663322399584
-2.89672369532 292.003 73.75912470925721
-0.916327912526 294.03 75.77705134384061
1.0640940161 291.502 73.24040807985776
3.04454209111 282.964 64.6941894715763
5.02501631302 279.634 61.356389675368064
7.00551668228 280.72 62.43500244965648
8.98604319954 280.169 61.87702115486306
10.9665958652 284.162 65.86343875335672
12.9471746798 281.392 63.087247809399656
14.9277796439 280.286 61.97544048909529
16.9084107579 280.482 62.16600856033631
18.8890680226 278.72 60.398943392750624
20.8697514381 275.653 57.327235957651595
22.8504610053 275.887 57.55687682798188
24.8311967246 269.37 51.035856178263884
26.8119585963 264.89 46.552163784546224
28.7927466213 259.677 41.33578902434991
30.7735607998 255.694 37.34972087661805
32.7544011325 253.545 35.19794792166141
34.7352676198 240.749 22.39945834110688
36.7161602623 240.627 22.275239917844317
38.6970790605 232.659 14.305280035974334
40.6780240148 226.644 8.288565680755624
42.658995126 222.908 4.551083438551927
44.6399923943 222.452 4.093819496780384
46.6210158204 225.37 7.0107596438578526
48.6020654049 221.933 3.5728892691489307
50.5831411481 219.015 0.6541933629133325
52.5642430506 218.35 -0.011343483746998118
54.545371113 218.81 0.4482629210595519
56.5265253356 219.909 1.5469963699617892
58.5077057192 218.461 0.09884025627289361
60.4889122641 219.107 0.7447775739378812
62.4701449711 219.143 0.7807909174808856
64.4514038403 220.518 2.155862481952596
66.4326888726 219.751 1.3889740628775087
68.4140000683 219.45 1.0881070562012098
70.395337428 218.185 -0.17675754176207192
72.3767009522 219.329 0.9673608656175929
74.3580906414 219.502 1.1404424752333284
76.3395064961 217.425 -0.9365329158113127
78.3209485169 218.703 0.3414140897450011
80.3024167042 217.618 -0.7437375107313642
82.2839110587 218.151 -0.21100911982159687
84.2654315808 217.663 -0.6994225401074061
86.2469782709 218.115 -0.2479999742233474
88.2285511298 217.309 -1.0547640249099572
90.2101501578 217.886 -0.4787376950661155
92.1917753555 216.786 -1.579944387802044
94.1734267233 217.086 -1.2814079064917223
96.1551042619 217.419 -0.9501524548262239
98.1368079718 217.891 -0.4802026368658119
100.118537853 218.01 -0.363583457092318
102.100293907 218.791 0.4146796795356238
104.082076134 220.264 1.8845609675331048
106.063884534 217.289 -1.093965799164721
108.045719108 218.797 0.4100727727424953
110.027579856 219.126 0.7346496758709691
112.009466779 218.139 -0.25726249790400857
113.991379877 219.084 0.6823084425036257
115.973319151 218.411 0.003334287333046859
117.955284602 218.392 -0.022213574074328335
119.93727623 218.491 0.0696358466761069
121.919294035 218.105 -0.3241468630232873
123.901338018 217.154 -1.2835915168392944
125.88340818 218.498 0.05127167045208125
127.86550452 219.097 0.6404120829232909
129.84762704 218.658 0.1907987034182952
131.829775741 218.427 -0.05159988648208014
133.811950622 217.917 -0.5738155065049568
135.794151683 217.555 -0.9488803777542216
137.776378927 217.672 -0.8458271227800083
139.758632352 217.383 -1.1496887655765704
141.740911961 218.518 -0.03049873170576234
143.723217752 217.756 -0.8092908482745997
145.705549727 217.831 -0.7520993440588768
147.687907886 218.599 -0.0029588495076495747
149.67029223 218.917 0.29509560317816863
151.65270276 217.748 -0.8949714199989103
153.635139475 218.889 0.22380424513707453
155.617602376 219.1 0.411386360840055
157.600091464 220.299 1.5857382874088444
159.58260674 219.391 0.6518229831336839
161.565148203 219.91 1.143603004271796
163.547715854 216.744 -2.050959495057981
165.530309695 219.524 0.6990972370805082
167.512929725 217.946 -0.9102654495509341
169.495575945 221.741 2.851913392508237
171.478248355 218.482 -0.44140569158983567
