vel Tant_raw Tant_corr
-226.310470447 214.372 -0.1880203883494005
-224.333338822 213.606 -0.9209783222534611
-222.356181116 215.325 0.8291960242077039
-220.378997329 214.642 0.1755412473738147
-218.401787459 214.595 0.1560955907251298
-216.424551506 214.092 -0.32110305522351723
-214.447289471 213.992 -0.3970171529489903
-212.470001351 215.455 1.0883904820922794
-210.492687147 217.026 2.680156681319744
-208.515346858 212.699 -1.6276820769454332
-206.537980484 214.592 0.28291033243897346
-204.560588024 213.554 -0.7390303185910341
-202.583169477 214.286 0.007531388636749625
-200.605724844 215.282 1.0166305194713345
-198.628254123 213.328 -0.9256982140731509
-196.650757314 213.553 -0.6904204533992129
-194.673234417 213.278 -0.956502193357494
-192.695685431 213.896 -0.33090978229017765
-190.718110355 213.653 -0.5676099220837898
-188.740509189 214.569 0.3534303317815102
-186.762881933 213.362 -0.849756429809787
-184.785228585 215.115 0.9058620303463272
-182.807549147 214.637 0.4293175957181177
-180.829843616 214.07 -0.13735820399827503
-178.852111992 213.361 -0.8471341929344476
-176.874354276 215.296 1.0860204509093023
-174.896570465 213.861 -0.3518638043888416
-172.918760561 215.072 0.8552431552905944
-170.940924562 215.545 1.323371090049676
-168.963062468 214.49 0.26254940593551623
-166.985174278 215.877 1.6428071548871799
-165.007259991 214.746 0.5041730346907229
-163.029319609 213.084 -1.166324611054165
-161.051353129 213.856 -0.4036577930141618
-159.073360551 214.602 0.33220112386314327
-157.095341875 212.838 -1.442720579708805
-155.1172971 213.863 -0.42939597740846125
-153.139226225 213.972 -0.33279849734850586
-151.161129251 214.308 -0.009901922109207817
-149.183006177 215.12 0.7883196111897348
-147.204857002 215.39 1.0438916108535352
-145.226681725 212.586 -1.7751607694342795
-143.248480347 214.395 0.01818726935715631
-141.270252866 213.301 -1.0920398284795851
-139.291999282 213.606 -0.80381797339831
-137.313719595 213.618 -0.8091234306612591
-135.335413804 214.812 0.3670671796049305
-133.357081908 214.034 -0.42922311762978893
-131.378723907 215.261 0.7790283476640525
-129.400339801 213.82 -0.6811561094804119
-127.421929589 213.133 -1.3877545290833382
-125.44349327 214.823 0.28225469374405066
-123.465030844 214.524 -0.037107191237055304
-121.486542311 215.432 0.8501807105503474
-119.508027669 215.341 0.7381389384304953
-117.529486919 214.684 0.05978767648073813
-115.55092006 216.043 1.397146753431798
-113.572327091 218.981 4.313235642641416
-111.593708012 221.811 7.121073462058945
-109.615062823 221.726 7.013678974167277
-107.636391522 223.397 8.662070585913057
-105.657694109 223.23 8.47226634870492
-103.678970585 224.829 10.048283958355654
-101.700220947 226.201 11.39714075497696
-99.7214451964 225.807 10.979853723030203
-97.7426433319 224.522 9.671439491196423
-95.7638153531 226.066 11.191914332371454
-93.7849612595 227.635 12.737294163607203
-91.8060810505 227.49 12.568594546064645
-89.8271747257 230.613 15.667830684970085
-87.8482422846 230.761 15.79201742956485
-85.8692837265 232.762 17.76916927305686
-83.8902990511 235.082 20.065300352580692
-81.9112882577 232.563 17.522424449141113
-79.932251346 234.026 18.961554987575397
-77.9531883153 234.04 18.95170503649672
-75.9740991651 236.813 21.70088730825438
-73.994983895 239.822 24.686114158885403
-72.0158425043 241.495 26.335397588062563
-70.0366749927 249.159 33.975749239055915
-68.0574813595 252.31 37.103180398675875
-66.0782616042 257.375 42.14470199723348
-64.0990157265 262.747 47.49332460849311
-62.1197437256 265.406 50.129058449617105
-60.1404456011 269.205 53.90491338112943
-58.1611213525 272.12 56.79689890686251
-56.1817709793 274.348 59.002024173911195
-54.2023944809 274.707 59.33829797258471
-52.2229918569 273.993 58.60172873636276
-50.2435631066 272.352 56.9383245418428
-48.2641082297 271.725 56.289093108700825
-46.2846272256 268.715 53.257041799636
-44.3051200937 266.596 51.116177620327534
-42.3255868336 258.96 43.45850721938902
-40.3460274447 252.862 37.33903688831742
-38.3664419265 249.71 34.16577256144879
-36.3868302785 246.653 31.087719815910106
-34.4071925002 245.658 30.07188387157234
-32.427528591 246.098 30.49126959100184
-30.4478385505 247.058 31.430881479416485
-28.4681223781 251.01 35.362723684634375
-26.4883800733 253.683 38.015799997029575
-24.5086116357 258.88 43.193113849484945
-22.5288170645 263.451 47.744668317340086
-20.5489963594 266.964 51.23846611835276
-18.56914952 269.036 53.291509612646024
-16.5892765454 271.616 55.852800802656986
-14.6093774355 275.525 59.743341333102165
-12.6294521894 273.854 58.05413249091498
-10.6495008068 271.304 55.48617520521171
-8.66952328727 266.718 50.882470047237405
-6.68951963008 255.59 39.737017230317065
-4.70948983486 243.432 27.561816609814514
-2.72943390098 232.349 16.46186768307956
-0.749351827963 223.593 7.689169589404258
1.2307563846 220.415 4.4947211099749325
3.21089073741 218.067 2.130520667821969
5.19105123078 218.316 2.3635663277779884
7.17123786545 217.34 1.3718557964241995
9.1514506418 215.873 -0.11061357795082927
11.1316895603 216.176 0.1771551945981571
13.1119546217 214.312 -1.7018412543757506
15.0922458262 215.135 -0.8936066517526342
17.0725631746 216.54 0.49685491709843177
19.0529066673 216.922 0.8645390082794222
21.0332763047 215.148 -0.9235591806869365
23.0136720875 215.526 -0.5594448109065695
24.9940940161 216.452 0.35287659784282255
26.9745420911 216.964 0.8513991670610892
28.955016313 214.997 -1.1288833405198488
30.9355166823 215.011 -1.127977520983876
32.9160431995 216.05 -0.10189032927797825
34.8965958652 216.546 0.3813709207394993
36.8771746798 216.029 -0.1482014437462169
38.8577796439 217.432 1.2423845454435138
40.8384107579 216.206 0.004120497436019832
42.8190680226 216.106 -0.1080023377438124
44.7997514381 216.24 0.01400693078585391
46.7804610053 214.772 -1.4658611652927505
48.7611967246 214.88 -1.3696164535363096
50.7419585963 216.414 0.15273087920945727
52.7227466213 217.737 1.464170286758531
54.7035607998 219.564 0.0
56.6844011325 214.742 -1.5537186554327889
58.6652676198 219.328 0.0
60.6461602623 222.236 0.0
62.6270790605 222.127 0.0
64.6080240148 214.302 -2.038895571730194
66.588995126 216.402 0.04986287205437634
68.5699923943 216.688 0.3246160793590036
70.5510158204 216.625 0.25035026783396575
72.5320654049 217.089 0.7030512953190282
74.5131411481 215.426 -0.9712953402026585
76.4942430506 216.537 0.12829549934448892
78.475371113 216.956 0.5358085920825602
80.4565253356 217.892 1.4602283561347917
82.4377057192 216.481 0.03753884957313858
84.4189122641 215.718 -0.7372762296230917
86.4001449711 215.594 -0.8732335436208416
88.3814038403 217.058 0.5786498852265538
90.3626888726 215.863 -0.6286433256771318
92.3440000683 215.021 -1.4831309192102253
94.325337428 215.853 -0.6638309985858086
96.3067009522 216.096 -0.4337620273970231
98.2880906414 215.841 -0.7019428296650574
100.269506496 216.598 0.04160741011406799
102.250948517 216.542 -0.028130853082984686
104.232416704 217.079 0.4948224751597081
106.213911059 216.864 0.26544712862292386
108.195431581 215.786 -0.8272775195567306
110.176978271 216.706 0.07762754302999042
112.15855113 216.725 0.08114096803126358
114.140150158 216.076 -0.5837589537052565
116.121775355 217.231 0.5549057078128214
118.103426723 216.331 -0.36188747834208357
120.085104262 217.428 0.7178386959678278
122.066807972 217.933 1.2050610778824762
124.048537853 217.321 0.574756153496395
126.030293907 216.969 0.20390004779184778
128.012076134 217.887 1.1024685246282502
129.993884534 216.862 0.0574369866769473
131.975719108 216.874 0.048780475363145115
133.957579856 216.649 -0.19752632916143398
135.939466779 218.38 1.5114908919128993
137.921379877 216.811 -0.08019390397208781
139.903319151 217.022 0.10739287918744367
141.885284602 216.667 -0.2717755240794304
143.86727623 217.204 0.24027375924649164
145.849294035 217.711 0.7215132406158773
147.831338018 216.963 -0.0530849301503622
149.81340818 217.833 0.7894510351032977
151.79550452 217.462 0.39009256284822413
153.77762704 216.539 -0.5621892822462087
155.759775741 216.517 -0.6144237973054487
157.741950622 216.548 -0.6146406412791237
159.724151683 216.591 -0.6038698350330947
161.706378927 216.748 -0.48014176143362874
163.688632352 218.01 0.747512834737563
165.670911961 216.977 -0.320937153432169
167.653217752 217.094 -0.24052319486096962
169.635549727 217.708 0.3357228793206559
171.617907886 217.337 -0.074231124170268
173.60029223 218.465 1.0135822391276292
175.58270276 218.009 0.5161300513903484
177.565139475 217.186 -0.3496209674952979
179.547602376 218.183 0.6032955399368234
181.530091464 218.401 0.7758455687244918
183.51260674 217.179 -0.49300524857073924
185.495148203 217.042 -0.6782916418618754
187.477715854 216.504 -1.266048703678564
189.460309695 217.835 0.013688110803826703
191.442929725 217.215 -0.6591170161792377
193.425575945 217.739 -0.18950026515668128
195.408248355 218.528 0.5435018206086681
