vel Tant_raw Tant_corr
-249.260470447 219.12 0.6592788581373838
-247.283338822 216.744 -1.6875169631668712
-245.306181116 218.008 -0.39646419132796495
-243.328997329 218.475 0.09547138714358994
-241.351787459 217.317 -1.0396762141841123
-239.374551506 217.829 -0.5068731817413266
-237.397289471 218.92 0.6029140980360808
-235.420001351 219.703 1.4027190387250812
-233.442687147 216.886 -1.3994251461872693
-231.465346858 218.468 0.19551455672589668
-229.487980484 219.336 1.0745709607793401
-227.510588024 218.809 0.5567766791624251
-225.533169477 217.676 -0.5688358750953739
-223.555724844 218.958 0.7187655108441504
-221.578254123 218.15 -0.08538715038216083
-219.600757314 217.159 -1.0742620463818184
-217.623234417 219.387 1.1541724349750382
-215.645685431 217.907 -0.32705229447213924
-213.668110355 217.447 -0.7899050232031755
-211.690509189 218.643 0.40164525995908207
-209.712881933 218.45 0.20262936582255975
-207.735228585 219.54 1.2850779047909953
-205.757549147 218.537 0.2730212868593469
-203.779843616 218.839 0.5644897215510412
-201.802111992 217.137 -1.149486782075769
-199.824354276 219.084 0.7841215845418503
-197.846570465 218.193 -0.12165557059060461
-195.868760561 218.399 0.06821116001091809
-193.890924562 219.146 0.7977509832169858
-191.913062468 217.802 -0.5650070946964263
-189.935174278 219.291 0.9039657319005698
-187.957259991 218.821 0.4126980679731673
-185.979319609 217.708 -0.7227816821698241
-184.001353129 218.984 0.5295546850084918
-182.023360551 218.091 -0.38826482766600634
-180.045341875 218.362 -0.14321241813607344
-178.0672971 218.973 0.44073951484600116
-176.089226225 218.479 -0.08138162829652629
-174.111129251 219.227 0.6374513520386245
-172.133006177 219.077 0.45726545454934353
-170.154857002 218.657 0.0060874770291547975
-168.176681725 218.182 -0.5010559836593416
-166.198480347 218.301 -0.41513853157695735
-164.220252866 217.61 -1.1401339718173062
-162.241999282 219.174 0.38898368954914986
-160.263719595 218.975 0.15424024541641757
-158.285413804 217.934 -0.9233387124025683
-156.307081908 219.326 0.43127220681435574
-154.328723907 219.228 0.29509819269168247
-152.350339801 218.91 -0.06183576628862397
-150.371929589 218.961 -0.05050488283387722
-148.39349327 219.385 0.33311542915126324
-146.415030844 217.941 -1.1519504454407752
-144.436542311 219.815 0.6803216770331346
-142.458027669 218.266 -0.9110442211029408
-140.479486919 219.388 0.16797564123558573
-138.50092006 218.419 -0.8445951562392509
-136.522327091 218.388 -0.9197332351726857
-134.543708012 218.755 -0.5974154185711029
-132.565062823 219.552 0.1543812691495816
-130.586391522 219.855 0.4116796020907145
-128.607694109 220.667 1.1775021529356877
-126.628970585 219.335 -0.20112870709817798
-124.650220947 218.58 -1.0031908084046677
-122.671445196 219.584 -0.04666218282687851
-120.692643332 220.006 0.32747893619873025
-118.713815353 219.05 -0.6767458864099183
-116.734961259 220.027 0.2516847126895243
-114.75608105 220.074 0.24979189518944622
-112.777174726 218.433 -1.440403378894871
-110.798242285 221.059 1.1361196486982124
-108.819283727 220.72 0.7473815345492199
-106.840299051 220.546 0.5234026334562714
-104.861288258 218.707 -1.3657969015160347
-102.882251346 221.21 1.0868028808101542
-100.903188315 219.823 -0.35077827017431673
-98.9240991651 220.762 0.5374791930598519
-96.944983895 219.716 -0.5594053838850073
-94.9658425043 221.141 0.8145871426985707
-92.9866749927 220.934 0.5564757145761803
-91.0074813595 221.282 0.853279071531631
-89.0282616042 219.69 -0.7899842486441742
-87.0490157265 221.073 0.5417040898200867
-85.0697437256 221.696 1.1133622206310463
-83.0904456011 220.273 -0.36099192457257345
-81.1111213525 220.148 -0.537340616259911
-79.1317709793 220.957 0.2203336729681098
-77.1523944809 222.48 1.69204826834914
-75.1729918569 219.705 -1.1341797070592747
-73.1935631066 222.499 1.6086666675801666
-71.2141082297 220.709 -0.2323958891236657
-69.2346272256 220.661 -0.33135086083561305
-67.2551200937 220.217 -0.8261819335130838
-65.2755868336 221.249 0.15512700457230721
-63.2960274447 221.239 0.09459186279767096
-61.3164419265 222.834 1.6392283481696381
-59.3368302785 221.036 -0.20894803470483225
-57.3571925002 219.967 -1.327921983645382
-55.377528591 219.909 -1.4356783989275925
-53.3978385505 220.894 -0.500202383302053
-51.4181223781 220.756 -0.6874792420314293
-49.4383800733 220.114 -1.3784944829096162
-47.4586116357 221.325 -0.21623381628870675
-45.4788170645 222.698 1.108316844882097
-43.4989963594 221.064 -0.5738286149485248
-41.51914952 221.113 -0.5726565139752609
-39.5392765454 219.83 -1.9031533730728825
-37.5593774355 220.411 -1.3693059157915002
-35.5794521894 222.528 0.7008989315780809
-33.5995008068 220.906 -0.967525959988933
-31.6195232873 221.664 -0.2555679222950573
-29.6395196301 220.469 -1.4962144899540988
-27.6594898349 222.507 0.49654659960293657
-25.679433901 223.543 1.4877274060800971
-23.699351828 222.625 0.5253397863057785
-21.7192436154 223.258 1.1143953941966345
-19.7391092626 223.961 1.7739056807309623
-17.7589487692 225.951 3.720881893928265
-15.7787621345 225.19 2.917335078811732
-13.7985493582 228.463 6.148276077396218
-11.8183104397 231.969 9.612715528646532
-9.83804537832 241.188 18.790663868455397
-7.85775417381 250.897 28.45913132962707
-5.87743682541 263.329 40.85112794183101
-3.89709333275 276.298 53.78066353159355
-1.91672369532 284.164 61.60774772226006
0.0636720874736 287.911 65.31638993396962
2.0440940161 286.442 63.80959938363179
4.02454209111 282.702 60.03238508489599
6.00501631302 278.666 55.95975584812689
7.98551668228 274.286 51.54372028037781
9.96604319954 273.379 50.601286785359264
11.9465958652 278.707 55.894463563420004
13.9271746798 281.084 58.23725861151328
15.9077796439 282.153 59.27267972317202
17.8884107579 279.633 56.71973448848482
19.8690680226 273.623 50.677430294060144
21.8497514381 268.215 45.23777432301705
23.8304610053 265.903 42.894773554934176
25.8111967246 265.439 42.400434765843585
27.7919585963 267.99 44.92176452819737
29.7727466213 274.663 51.565769210830354
31.7535607998 282.131 59.0054549789524
33.7344011325 289.243 66.08982779410405
35.7152676198 288.406 65.22589341414087
37.6961602623 292.52 69.31365739319969
39.6770790605 288.702 65.47012508167586
41.6580240148 281.622 58.36530162619593
43.638995126 276.816 53.53519196958473
45.6199923943 263.956 40.65180085085086
47.6010158204 258.19 34.86313280514585
49.5820654049 250.608 27.25919216374524
51.5631411481 242.875 19.504983054023114
53.5442430506 237.061 13.670509399418705
55.525371113 232.655 9.244774919412919
57.5065253356 232.063 8.633783129504138
59.4877057192 228.398 4.950537341173572
61.4689122641 227.059 3.59404066186778
63.4501449711 224.474 0.9922959949626033
65.4314038403 226.111 2.613306039746533
67.4126888726 224.485 0.9720732913812924
69.3940000683 223.845 0.3176000408860773
71.375337428 224.664 1.1228883751036847
73.3567009522 225.105 1.550940176676562
75.3380906414 223.712 0.1457571240188713
77.3195064961 221.895 -1.6826593087102424
79.3009485169 221.905 -1.6833078516343107
81.2824167042 223.052 -0.5461874391848767
83.2639110587 223.133 -0.47429721013094195
85.2454315808 223.094 -0.5216365076032332
87.2269782709 222.012 -1.611204879122539
89.2085511298 224.513 0.8829979233717324
91.1901501578 224.063 0.4269719434980459
93.1717753555 223.595 -0.04628297959723682
95.1534267233 222.818 -0.8277672112652965
97.1351042619 222.925 -0.7244813213830241
99.1168079718 223.92 0.26757391562111366
101.098537853 222.853 -0.8016024792598273
103.080293907 223.245 -0.4110116896406453
105.062076134 221.613 -2.043655103767435
107.043884534 224.303 0.6464656854530233
109.025719108 223.551 -0.1046511195733899
111.007579856 223.52 -0.1340075211551266
112.989466779 222.16 -1.4916057263414473
114.971379877 223.316 -0.3324481469506111
116.953319151 224.452 0.8074626004050174
118.935284602 223.77 0.13012369429162618
120.91727623 223.96 0.3255321084238574
122.899294035 224.003 0.374684611639168
124.881338018 222.956 -0.6654222321254508
126.86340818 223.69 0.07620793613716614
128.84550452 221.716 -1.889428729531346
130.82762704 222.223 -1.3733362800619489
132.809775741 223.642 0.055481028599928095
134.791950622 222.691 -0.8849812645401869
136.774151683 222.452 -1.1127278255387978
138.756378927 223.391 -0.16176352552739104
140.738632352 224.382 0.8419065592134984
142.720911961 225.462 1.9352771472873087
144.703217752 224.459 0.946342752090743
146.685549727 223.914 0.41609768184622453
148.667907886 222.621 -0.8614639604656702
150.65029223 223.762 0.2956517228878397
152.63270276 223.961 0.511438424357948
154.615139475 223.585 0.15288963106914366
156.597602376 223.621 0.2069986248260136
158.580091464 224.994 1.598758482070167
160.56260674 223.723 0.34716207385326925
162.545148203 223.699 0.34320206578919965
164.527715854 222.934 -0.4011290819337887
166.510309695 224.32 1.0061608854122426
168.492929725 223.585 0.2930640170242498
170.475575945 221.653 -1.616427843405802
172.458248355 222.99 -0.25632305775036457
