vel Tant_raw Tant_corr
-236.860470447 216.065 -0.03270248211165949
-234.883338822 214.971 -1.1116058270136477
-232.906181116 217.631 1.5627808070685774
-230.928997329 216.004 -0.05053291795724135
-228.951787459 215.895 -0.14653739533133603
-226.974551506 215.346 -0.6832230734771088
-224.997289471 217.391 1.373419544001024
-223.020001351 221.024 0.0
-221.042687147 222.651 0.0
-219.065346858 216.175 0.18841130649030902
-217.087980484 216.728 0.7504609667627733
-215.110588024 215.976 0.0068855767902107345
-213.133169477 215.483 -0.4783056982323046
-211.155724844 214.582 -1.372103748344756
-209.178254123 215.884 -0.06349951881054494
-207.200757314 215.077 -0.8644840101427747
-205.223234417 215.262 -0.6740482781035269
-203.245685431 216.679 0.7478165662913057
-201.268110355 216.54 0.6131193567609614
-199.290509189 216.081 0.15786887175099196
-197.312881933 216.992 1.072073834428636
-195.335228585 216.521 0.6037429126778875
-193.357549147 215.809 -0.10611528091610012
-191.379843616 216.79 0.8765078109369426
-189.402111992 215.399 -0.5133793097847104
-187.424354276 214.653 -1.2587681964180604
-185.446570465 215.204 -0.7076504576216394
-183.468760561 215.839 -0.07301775738525862
-181.490924562 215.287 -0.6258618150359609
-179.513062468 215.083 -0.8311744052456334
-177.535174278 216.558 0.6420526419610724
-175.557259991 216.417 0.4988274411994098
-173.579319609 216.456 0.5351580517216519
-171.601353129 215.512 -0.41194752260042833
-169.623360551 216.397 0.46951866672677056
-167.645341875 215.685 -0.2464354871916612
-165.6672971 217.782 1.8461978533510432
-163.689226225 217.579 1.6384264706576062
-161.711129251 214.025 -1.9207419083753052
-159.733006177 217.569 1.6177003877259892
-157.754857002 216.059 0.10176097500900028
-155.776681725 216.553 0.5894474140876866
-153.798480347 215.055 -0.9152327898578108
-151.820252866 215.224 -0.7532721871050967
-149.841999282 215.614 -0.3706633833802755
-147.863719595 215.713 -0.2793990398717483
-145.885413804 215.471 -0.5294718732415049
-143.907081908 215.39 -0.6188746556292699
-141.928723907 215.758 -0.25960021465502336
-139.950339801 213.67 -2.356641433430582
-137.971929589 214.383 -1.6529912505714037
-135.99349327 215.856 -0.18964266020012133
-134.015030844 215.598 -0.45758871194840367
-132.036542311 215.284 -0.7818225109692776
-130.058027669 215.389 -0.6873372179548198
-128.079486919 215.644 -0.4431260491176374
-126.10092006 215.879 -0.21918227622427366
-124.122327091 216.399 0.289500773407525
-122.143708012 218.744 2.6229297169074925
-120.165062823 215.352 -0.7808888841599924
-118.186391522 215.413 -0.7319485238156176
-116.207694109 217.395 1.237757248351386
-114.228970585 220.607 4.437234827170812
-112.250220947 217.823 1.64049055185194
-110.271445196 218.691 2.49553070602704
-108.292643332 216.939 0.7303615177123959
-106.313815353 218.587 2.3649891592937706
-104.334961259 217.772 1.5364197475454944
-102.35608105 217.226 0.9766593436102369
-100.377174726 219.241 2.977713952991479
-98.3982422846 217.651 1.3735895255289847
-96.4192837265 218.707 2.4152919554303196
-94.4402990511 220.128 3.8218270812324704
-92.4612882577 219.757 3.4362006858028735
-90.482251346 219.234 2.8984184963356086
-88.5031883153 220.549 4.198486184338236
-86.5240991651 218.931 2.565409365628966
-84.544983895 222.337 5.956193600328277
-82.5658425043 224.052 7.655844392848763
-80.5866749927 224.334 7.922367191892931
-78.6074813595 222.998 6.570767390439727
-76.6282616042 225.71 9.267050325741792
-74.6490157265 227.475 11.016221279318103
-72.6697437256 228.322 11.847285476941067
-70.6904456011 231.47 14.979248088636211
-68.7111213525 232.203 15.696114228670922
-66.7317709793 233.543 17.019888955547742
-64.7523944809 237.609 21.069577271996252
-62.7729918569 242.548 25.992184124968134
-60.7935631066 248.182 31.609714405625624
-58.8141082297 252.474 35.88517294933993
-56.8346272256 257.535 40.92956453567811
-54.8551200937 260.175 43.552893888397904
-52.8755868336 263.522 46.8831656754424
-50.8960274447 268.985 52.32938450892908
-48.9164419265 275.462 58.78955494514486
-46.9368302785 283.523 66.83368148453818
-44.9571925002 287.083 70.37676857171112
-42.977528591 289.239 72.51582059541155
-40.9978385505 291.13 74.38984188852834
-39.0181223781 288.489 71.73183672808011
-37.0383800733 283.511 66.73680933521086
-35.0586116357 281.624 64.83276387518222
-33.0788170645 275.8 58.99170445736203
-31.0989963594 276.778 59.95263513522454
-29.11914952 274.704 57.861559906337845
-27.1392765454 275.9 59.04048271235308
-25.1593774355 274.938 58.06140743900826
-23.1794521894 278.314 61.42033791610697
-21.1995008068 276.305 59.39427791752303
-19.2195232873 278.848 61.920231161187274
-17.2395196301 284.771 67.82620130907728
-15.2594898349 282.853 65.89119196721788
-13.279433901 277.678 60.699206685665956
-11.299351828 272.332 55.336248958509174
-9.3192436154 266.351 49.338322223854874
-7.33910926259 258.968 41.93842986382282
-5.35894876922 250.262 33.215575204540784
-3.37876213455 241.334 24.27076151613184
-1.3985493582 232.068 14.98799201271305
0.581689560328 226.136 9.039269852384109
2.56195462168 221.412 4.298598137219756
4.54224582619 220.101 2.9709799132661487
6.52256317459 222.539 5.392418170527463
8.50290666725 218.836 1.6729158429649829
10.4832763047 219.127 1.9474758084851373
12.4636720875 217.74 0.5441008889333148
14.4440940161 217.956 0.743793850087485
16.4245420911 217.337 0.10855740164885219
18.405016313 218.882 1.6373941972362616
20.3855166823 217.046 -0.21469316562206586
22.3660431995 216.883 -0.393702145495638
24.3465958652 215.739 -1.553630257060263
26.3271746798 216.91 -0.3984750711028653
28.3077796439 217.787 0.46276578546786595
30.2884107579 216.176 -1.1639053703829063
32.2690680226 214.837 -2.5184862778280888
34.2497514381 216.314 -1.056974732177565
36.2304610053 217.081 -0.305368584897451
38.2111967246 217.139 -0.26266574360718664
40.1919585963 215.324 -2.0928641720902874
42.1727466213 217.839 0.40703810969304755
44.1535607998 224.754 0.0
46.1344011325 224.512 0.0
48.1152676198 225.705 0.0
50.0961602623 227.463 0.0
52.0770790605 219.405 1.8991255411392274
54.0580240148 216.416 -1.1043294811490512
56.038995126 218.817 1.2823284936835933
58.0199923943 218.089 0.540100996037296
60.0010158204 221.942 0.0
61.9820654049 215.796 -1.781004576307481
63.9631411481 216.814 -0.7768798714341472
65.9442430506 215.528 -2.0766350799137854
67.925371113 216.857 -0.7612689526185363
69.9065253356 218.606 0.9742197033051241
71.8877057192 217.052 -0.593167975576165
73.8689122641 216.571 -1.0874309089835776
75.8501449711 218.192 0.5204319270598887
77.8314038403 220.004 2.3194215002297938
79.8126888726 218.007 0.3095387218832002
81.7940000683 216.11 -1.600215552939943
83.775337428 217.602 -0.12084052552984303
85.7567009522 216.884 -0.8513354535118367
87.7380906414 218.603 0.8553003491456366
89.7195064961 218.454 0.6940675121233539
91.7009485169 217.951 0.17896660874347958
93.6824167042 216.002 -1.7820018440360457
95.6639110587 219.039 1.2431626143678045
97.6454315808 218.256 0.44846038815956035
99.6269782709 218.864 1.044891825155787
101.60855113 218.003 0.17245721677426218
103.590150158 218.592 0.7501567980364712
105.571775355 219.184 1.330990747552221
107.553426723 215.542 -2.3220408124967946
109.535104262 217.998 0.12306218365719701
111.516807972 218.437 0.5512997453494108
113.498537853 217.384 -0.5123281745252939
115.480293907 217.933 0.026178320469995242
117.462076134 218.371 0.45381907032796676
119.443884534 217.374 -0.5534061414212772
121.425719108 218.269 0.3315024122774446
123.407579856 218.33 0.3825444020070279
125.389466779 219.642 1.684719441860608
127.371379877 216.913 -1.0539729105558706
129.353319151 217.922 -0.05453315414115423
131.335284602 219.163 1.1770381556990515
133.31727623 217.948 -0.047259592950751994
135.299294035 220.155 2.150572931471686
137.281338018 218.527 0.513535003994491
139.26340818 218.039 0.01662584310895454
141.24550452 216.883 -1.148155389229231
143.22762704 217.943 -0.09680958762962177
145.209775741 218.649 0.600662296743451
147.191950622 217.716 -0.34074074383258335
149.174151683 219.576 1.5109802263408483
151.156378927 215.728 -2.3451759136318344
153.138632352 217.114 -0.9672103412147521
155.120911961 219.168 1.0788757095108679
157.103217752 217.364 -0.7329190521203088
159.085549727 218.192 0.08740402659881852
161.067907886 217.452 -0.660156458235889
163.05029223 218.018 -0.10160196715898451
165.03270276 216.512 -1.6149340173390385
167.015139475 218.602 0.467845817421221
168.997602376 219.094 0.9527359066626389
170.980091464 218.237 0.08873456326958262
172.96260674 218.842 0.6868400434626665
174.945148203 218.137 -0.02494945320216857
176.927715854 218.211 0.04236421614524488
178.910309695 218.622 0.44677913768538247
180.892929725 218.898 0.7162933409148593
182.875575945 218.176 -0.012095201377633202
184.858248355 216.374 -1.8203885731090566
