vel Tant_raw Tant_corr
-205.020470447 211.001 -0.0827055848848488
-203.043338822 212.334 1.223641584920557
-201.066181116 212.167 1.0306744205946359
-199.088997329 211.609 0.4473848054697953
-197.111787459 211.401 0.2147646413031623
-195.134551506 210.668 -0.5421941516696904
-193.157289471 211.966 0.7325003652526902
-191.180001351 212.37 1.1138401491820673
-189.202687147 210.585 -0.6931828242627205
-187.225346858 209.899 -1.4005765610236836
-185.247980484 211.892 0.5716509514330426
-183.270588024 210.483 -0.8575082559020188
-181.293169477 210.892 -0.46806213356791204
-179.315724844 210.837 -0.5420186136118161
-177.338254123 210.893 -0.5043856096354205
-175.360757314 211.642 0.22682898325638234
-173.383234417 210.506 -0.9263827115621837
-171.405685431 210.592 -0.8570285522434631
-169.428110355 210.637 -0.8281163784545811
-167.450509189 211.748 0.267345988632826
-165.472881933 210.254 -1.2416492536637236
-163.495228585 211.621 0.11089011045049801
-161.517549147 210.788 -0.7360436847059475
-159.539843616 211.532 -0.005458386353154765
-157.562111992 212.08 0.529638276810033
-155.584354276 212.709 1.1462385945925178
-153.606570465 211.994 0.41933487528274327
-151.628760561 210.213 -1.3730805542932103
-149.650924562 210.995 -0.6020153488236986
-147.673062468 211.959 0.35152285552658213
-145.695174278 212.207 0.589526441102123
-143.717259991 211.672 0.04498780876477326
-141.739319609 211.705 0.06889937790978706
-139.761353129 212.12 0.4752535864307674
-137.783360551 212.998 1.3450428907600553
-135.805341875 214.861 3.200259765856515
-133.8272971 212.37 0.7018967052043479
-131.849226225 214.355 2.6799462208199714
-129.871129251 214.622 2.9404008432610738
-127.893006177 215.825 4.137253121614833
-125.914857002 217.341 5.64749562350832
-123.936681725 215.828 4.129120935110649
-121.958480347 217.169 5.465121661140557
-119.980252866 218.599 6.890490424855699
-118.001999282 220.314 8.601219868068199
-116.023719595 221.267 9.550302651141607
-114.045413804 221.168 9.447731452991633
-112.067081908 222.03 10.306498971091003
-110.088723907 225.664 13.937597921473497
-108.110339801 229.166 17.437021038734173
-106.131929589 227.936 16.204761076030934
-104.15349327 225.677 13.943810805088646
-102.175030844 223.734 11.99916301620243
-100.196542311 221.884 10.147810518238742
-98.2180276695 220.7 8.962746138637243
-96.2394869195 221.561 9.82296272341523
-94.2609200603 222.37 10.631453137168705
-92.2823270915 222.565 10.826210263075467
-90.3037080125 223.124 11.385227002897295
-88.3250628228 226.215 14.476496276982715
-86.346391522 228.113 16.375011024269128
-84.3676941095 233.258 21.520764202285733
-82.3889705847 239.693 27.956748787155647
-80.4102209472 243.968 32.2329577735986
-78.4314451964 249.477 37.74338417493345
-76.4526433319 254.63 42.89802102308036
-74.4738153531 257.992 46.26186136856387
-72.4949612595 257.454 45.725898280514684
-70.5160810505 255.696 43.97012484667292
-68.5371747257 258.324 46.60053417338983
-66.5582422846 257.861 46.140119385630754
-64.5792837265 259.956 48.237873626977915
-62.6002990511 261.837 50.12179005963182
-60.6212882577 260.983 49.270861864415224
-58.642251346 257.51 45.801082240774036
-56.6631883153 255.589 43.88344440678139
-54.6840991651 253.686 41.98394159913909
-52.704983895 246.428 34.72956707318008
-50.7258425043 243.605 31.910314102871894
-48.7466749927 241.806 30.11517598081781
-46.7674813595 238.142 26.455146018260677
-44.7882616042 235.848 24.165217545084516
-42.8090157265 234.75 23.071383909816774
-40.8297437256 235.209 23.534638479632406
-38.8504456011 235.941 24.27097464035444
-36.8711213525 237.272 25.606385796457516
-34.8917709793 240.228 28.566865371070236
-32.9123944809 240.628 28.97140680597775
-30.9329918569 238.961 27.309003561623797
-28.9535631066 236.615 24.967649117114064
-26.9741082297 238.027 26.384336970217248
-24.9946272256 242.474 30.836060637369258
-23.0151200937 248.876 37.24281365367477
-21.0355868336 257.783 46.1545895729094
-19.0560274447 262.48 50.85638196752319
-17.0764419265 271.682 60.0631844286423
-15.0968302785 273.501 61.886990566071745
-13.1171925002 276.97 65.36079400829811
-11.137528591 277.574 65.96958840249178
-9.1578385505 268.932 57.33236741450938
-7.17812237813 256.048 44.45312472889657
-5.19838007332 242.847 31.25685404889063
-3.21861163566 232.603 21.017549096422215
-1.23881706451 223.818 12.237203612118861
0.74100364056 218.298 6.721811355306642
2.72085048005 216.018 4.446366104013123
4.7007234546 214.905 3.3378616549700553
6.68062256455 211.47 -0.09270817638508788
8.66054781062 212.236 0.6776504440949793
10.6404991932 212.855 1.3009313692681417
12.6204767127 211.732 0.18212847070623184
14.6004803699 211.99 0.444235638698359
16.5805101651 212.383 0.8412467822513747
18.560566099 212.18 0.64215582909452
20.540648172 211.782 0.24795672568023974
22.5207563846 210.827 -0.7033565628123313
24.5008907374 211.504 -0.022790052475016864
26.4810512308 210.404 -1.1193497406685537
28.4612378655 211.137 -0.3830416060191624
30.4414506418 211.266 -0.25087160841746936
32.4216895603 210.297 -1.2168456890144626
34.4019546217 210.651 -0.859969770219692
36.3822458262 209.94 -1.568249755699469
38.3625631746 212.041 0.535308469627239
40.3429066673 211.631 0.1276990395898281
42.3232763047 211.47 -0.031083893230800186
44.3036720875 211.607 0.10795384250062057
46.2840940161 210.987 -0.5101935631245738
48.2645420911 211.398 -0.09753190125579181
50.245016313 210.823 -0.6710669442811081
52.2255166823 210.727 -0.7658044458245854
54.2060431995 210.681 -0.8107501407436928
56.1865958652 210.148 -1.3429097451270025
58.1671746798 211.656 0.16571104370856915
60.1477796439 211.565 0.07510654722000254
62.1284107579 210.767 -0.7227288943590793
64.1090680226 211.485 -0.004800922016045206
66.0897514381 210.298 -1.1921151579566924
68.0704610053 209.845 -1.6456772056027944
70.0511967246 210.692 -0.7994926495895527
72.0319585963 210.746 -0.7465670557628812
74.0127466213 212.496 1.0020940288224836
75.9935607998 235.081 0.0
77.9744011325 214.032 0.0
79.9552676198 222.433 0.0
81.9361602623 223.56 0.0
83.9170790605 215.541 0.0
85.8980240148 211.887 0.3791975755931958
87.878995126 211.6 0.08885335698602148
89.8599923943 212.53 1.0152009295008213
91.8410158204 211.638 0.11923491532010644
93.8220654049 212.015 0.4919499554432889
95.8031411481 210.771 -0.7566592903103242
97.7842430506 211.177 -0.35559814330039785
99.765371113 213.327 0.0
101.746525336 210.962 -0.5814858623051578
103.727705719 212.549 0.9995547230953434
105.708912264 213.01 1.4542446040873074
107.690144971 211.956 0.3935785534592071
109.67140384 212.784 1.2145513628366018
111.652688873 211.673 0.09615784267717231
113.634000068 211.132 -0.4526071777046923
115.615337428 210.73 -0.8627488501693108
117.596700952 212.458 0.8567276922856593
119.578090641 211.855 0.244817335503825
121.559506496 210.864 -0.7554850158196302
123.540948517 212.955 1.3258155618695469
125.522416704 211.952 0.3127140109828872
127.503911059 211.469 -0.1807947072189222
129.485431581 210.873 -0.7877156125976228
131.466978271 212.142 0.4699462938392003
133.44855113 212.459 0.7751860299504472
135.430150158 211.722 0.025998632470503935
137.411775355 211.167 -0.5416208429937512
139.393426723 211.499 -0.22267732197389023
141.375104262 211.826 0.09082428888822847
143.356807972 210.336 -1.4131208981692112
145.338537853 211.53 -0.23351775202550584
147.320293907 212.26 0.48162887731001547
149.302076134 212.333 0.5393141587295247
151.283884534 211.976 0.166533280015301
153.265719108 211.856 0.030281447833999664
155.247579856 212.411 0.5685538877551721
157.229466779 212.787 0.9273458442372373
159.211379877 212.042 0.1646525806469583
161.193319151 212.576 0.6804693792446699
163.175284602 211.64 -0.27420845880504885
165.15727623 213.441 1.5076143865790925
167.139294035 212.253 0.2999332543886908
169.121338018 212.969 0.9957435025180246
171.10340818 211.443 -0.5509594922243082
173.08550452 212.106 0.09081966590886736
175.06762704 211.826 -0.21092360844696145
177.049775741 212.272 0.2128061182758927
179.031950622 210.803 -1.2789957014071263
181.014151683 211.325 -0.7803335960633433
182.996378927 211.408 -0.721212075365969
184.978632352 211.021 -1.132635629996173
186.960911961 211.421 -0.7576087317609108
188.943217752 211.507 -0.697135833467172
190.925549727 211.113 -1.1172213690322508
192.907907886 212.48 0.22313024659473513
194.89029223 212.144 -0.14008538260335968
196.87270276 211.955 -0.35687263369666766
198.855139475 211.234 -1.1062358647766075
200.837602376 212.505 0.1358205849903129
202.820091464 212.753 0.3542923953924344
204.80260674 214.336 1.9071752651753116
206.785148203 212.764 0.3044649120754457
208.767715854 211.926 -0.5648429272378053
210.750309695 213.831 1.3082475028535896
212.732929725 211.002 -1.5532680230166989
214.715575945 212.755 0.16660628872361372
216.698248355 213.718 1.0958662506363908
