vel Tant_raw Tant_corr
-232.610470447 215.965 -1.1880434338266355
-230.633338822 217.505 0.43558133617486305
-228.656181116 216.949 -0.03953736187966683
-226.678997329 217.052 0.1416461674907623
-224.701787459 217.433 0.5981772703285344
-222.724551506 216.581 -0.18089905696717778
-220.747289471 218.139 1.4474618323613981
-218.770001351 230.159 0.0
-216.792687147 233.619 0.0
-214.815346858 217.899 1.4036090234839946
-212.837980484 216.695 0.2601582538289051
-210.860588024 216.277 -0.09963731085420591
-208.883169477 215.8 -0.5207351223695866
-206.905724844 213.823 -2.4440929825107105
-204.928254123 214.837 -1.3786690429679709
-202.950757314 217.203 1.0365781944864239
-200.973234417 216.446 0.3266898780094323
-198.995685431 216.04 -0.03429319433681144
-197.018110355 215.393 -0.6383305746580845
-195.040509189 217.018 1.027617834705552
-193.062881933 217.163 1.2115917811575514
-191.085228585 214.419 -1.4953693381652613
-189.107549147 216.555 0.6757735234477593
-187.129843616 216.015 0.16905906240054946
-185.152111992 217.556 1.7415256245972728
-183.174354276 216.713 0.9282112054386289
-181.196570465 215.396 -0.3608465501517344
-179.218760561 215.281 -0.44961034790654253
-177.240924562 216.3 0.5939567558678505
-175.263062468 215.969 0.2858913541612651
-173.285174278 216.639 0.9772296892526242
-171.307259991 216.879 1.237007652649737
-169.329319609 215.66 0.036260785016622776
-167.351353129 215.297 -0.3099757237970948
-165.373360551 214.256 -1.335667034880231
-163.395341875 214.451 -1.12677866027542
-161.4172971 216.286 0.7207235369802731
-159.439226225 215.287 -0.26712665719995243
-157.461129251 214.089 -1.455295808008259
-155.483006177 214.236 -1.2997508317662323
-153.504857002 214.056 -1.4724589959845389
-151.526681725 214.284 -1.2383879194096608
-149.548480347 214.744 -0.7735055720742139
-147.570252866 215.204 -0.30978027532998453
-145.591999282 213.944 -1.5671807019082848
-143.613719595 216.263 0.7533241240404323
-141.635413804 215.701 0.19176482689965724
-139.657081908 214.741 -0.7688283204616368
-137.678723907 215.176 -0.3354253967345926
-135.700339801 215.212 -0.30199683221582063
-133.721929589 212.988 -2.5295134088562747
-131.74349327 214.94 -0.5819462603075181
-129.765030844 214.78 -0.7472668719654223
-127.786542311 214.786 -0.7474470810178389
-125.808027669 216.338 0.797540923501316
-123.829486919 216.322 0.7737246006820726
-121.85092006 215.305 -0.2518689423247906
-119.872327091 214.637 -0.9292129503485
-117.893708012 215.328 -0.24828102023943188
-115.915062823 216.265 0.6779528990802532
-113.936391522 217.496 1.897514506558366
-111.957694109 217.28 1.6694291489875468
-109.978970585 218.408 2.784721820955525
-108.000220947 216.648 1.0114171647656747
-106.021445196 218.475 2.824539470441522
-104.042643332 218.602 2.9371126756488763
-102.063815353 219.026 3.346160365640003
-100.084961259 219.296 3.6007057732361716
-98.1060810505 221.355 5.643771778771423
-96.1271747257 221.209 5.48138091002275
-94.1482422846 223.578 7.833555342196178
-92.1692837265 223.009 7.24731689786023
-90.1902990511 228.699 12.919687046908336
-88.2112882577 228.072 12.27468690650511
-86.232251346 230.578 14.762337241046993
-84.2531883153 231.983 16.148658462108244
-82.2740991651 231.712 15.858670628399636
-80.294983895 232.317 16.44439344572112
-78.3158425043 231.452 15.559846266911109
-76.3366749927 232.563 16.6510480918067
-74.3574813595 233.175 17.243017567189128
-72.3782616042 235.622 19.6697729867428
-70.3990157265 238.523 22.550332291009
-68.4197437256 241.447 25.453713067331734
-66.4404456011 247.563 31.548932549820393
-64.4611213525 247.093 31.058007619297854
-62.4817709793 248.548 32.49195480325477
-60.5023944809 252.448 36.370790275801795
-58.5229918569 256.932 40.833529857626075
-56.5435631066 261.772 45.65218901593914
-54.5641082297 266.959 50.81778286443773
-52.5846272256 273.498 57.33532616324945
-50.6051200937 280.79 64.6058333188893
-48.6255868336 282.592 66.38631838421497
-46.6460274447 288.442 72.21479505837607
-44.6664419265 289.213 72.96427668677018
-42.6868302785 285.79 69.51977626099531
-40.7071925002 282.689 66.39730641880308
-38.727528591 276.584 60.27087944405076
-36.7478385505 269.208 52.873507266657896
-34.7681223781 263.252 46.896201462554956
-32.7883800733 257.767 41.38997325364008
-30.8086116357 257.822 41.42383350773201
-28.8288170645 259.603 43.18379273851815
-26.8489963594 265.095 48.654861105517256
-24.86914952 272.366 55.90504841402614
-22.8892765454 275.566 59.08436411506895
-20.9093774355 274.827 58.32481730536381
-18.9294521894 270.568 54.045416727259095
-16.9495008068 267.546 51.003170768701665
-14.9695232873 271.844 55.28108746318216
-12.9895196301 274.062 57.479174489685676
-11.0094898349 274.595 57.99243917265372
-9.02943390098 271.637 55.014888481928125
-7.04935182796 264.037 47.39552903271206
-5.0692436154 251.002 34.3413670855189
-3.08910926259 238.125 21.445408546123332
-1.10894876922 227.855 11.156658965521189
0.871237865452 223.718 7.0011235398745555
2.8514506418 221.416 4.680807110472358
4.83168956033 218.243 1.4897141636787978
6.81195462168 219.583 2.811848830886646
8.79224582619 216.871 0.08221488847416936
10.7725631746 216.695 -0.11118424224818568
12.7529066673 216.183 -0.6403454950776108
14.7332763047 217.382 0.5417338410304069
16.7136720875 218.16 1.3030561219131016
18.6940940161 217.246 0.37262334815869735
20.6745420911 217.354 0.46443716505496013
22.655016313 216.512 -0.39350113745496174
24.6355166823 216.521 -0.4001906248203966
26.6160431995 216.496 -0.4406307179300768
28.5965958652 216.008 -0.943821193159863
30.5771746798 214.159 -2.807762182417349
32.5577796439 216.05 -0.9314541731917814
34.5384107579 216.925 -0.07089800859819206
36.5190680226 216.756 -0.2540948874285789
38.4997514381 216.196 -0.8280463641908682
40.4804610053 216.836 -0.20175434916686186
42.4611967246 215.559 -1.492221108449769
44.4419585963 215.385 -1.6794492639940302
46.4227466213 218.519 1.441558206332843
48.4035607998 219.492 2.401797968712117
50.3844011325 217.123 0.02026633331891503
52.3652676198 228.733 0.0
54.3461602623 230.771 0.0
56.3270790605 216.849 -0.28999919876028457
58.3080240148 218.414 1.263339554818856
60.288995126 215.514 -1.6481168801819877
62.2699923943 216.469 -0.7043743305891326
64.2510158204 217.373 0.18856102043648093
66.2320654049 216.886 -0.30931736664453524
68.2131411481 217.12 -0.08601638779586551
70.1942430506 216.834 -0.38254329545586074
72.175371113 216.475 -0.751905698582874
74.1565253356 217.134 -0.10311156270074662
76.1377057192 217.866 0.6188307900499979
78.1189122641 216.142 -1.115087319129941
80.1001449711 216.821 -0.4458749257503314
82.0814038403 216.895 -0.3815414220729849
84.0626888726 216.458 -0.8280965571658783
86.0440000683 217.49 0.19444956305650862
88.025337428 216.979 -0.3259135242182367
90.0067009522 218.387 1.0728033612543584
91.9880906414 218.025 0.7015890427281306
93.9695064961 216.132 -1.200568013580778
95.9509485169 217.175 -0.16667969854154308
97.9324167042 216.578 -0.7727582601543759
99.9139110587 216.628 -0.7318163035998282
101.895431581 217.473 0.10413320871589349
103.876978271 218.353 0.9750769571164994
105.85855113 217.328 -0.05899873540107592
107.840150158 217.887 0.4908920967986603
109.821775355 215.788 -1.6172649380633857
111.803426723 216.625 -0.7894845892373326
113.785104262 217.933 0.509218036527102
115.766807972 216.7 -0.733172525075787
117.748537853 217.336 -0.10667209595459326
119.730293907 217.225 -0.22729685567807678
121.712076134 217.493 0.030936658497353164
123.693884534 218.329 0.8570115515706789
125.675719108 217.589 0.10691057074419064
127.657579856 218.99 1.4976161053863848
129.639466779 217.232 -0.27088981302560455
131.621379877 218.53 1.0163744890575117
133.603319151 217.211 -0.3136096728008795
135.585284602 218.977 1.4411386589347615
137.56727623 218.038 0.4906000837307829
139.549294035 220.176 2.616754842931755
141.531338018 218.116 0.5445828197073013
143.51340818 219.408 1.8240635390100124
145.49550452 218.281 0.6841761675420628
147.47762704 217.386 -0.22410048632477242
149.459775741 218.514 0.8902120274292997
151.441950622 218.083 0.4450918004326354
153.424151683 216.942 -0.7104834341448623
155.406378927 218.793 1.1254636983441912
157.388632352 217.05 -0.6330897859622553
159.370911961 218.07 0.3708327704408134
161.353217752 217.15 -0.5657923335429871
163.335549727 217.236 -0.4969891577313206
165.317907886 217.048 -0.7027821206611691
167.30029223 216.12 -1.6491959996616288
169.28270276 217.351 -0.4372559308929169
171.265139475 217.547 -0.26098740937337084
173.247602376 218.643 0.8145837109347838
175.230091464 218.293 0.44343121709627553
177.21260674 216.744 -1.1274714628443974
179.195148203 218.366 0.47184874011284705
181.177715854 216.482 -1.435635464167774
183.160309695 218.355 0.41304827500334795
185.142929725 218.86 0.8928719491432275
187.125575945 217.67 -0.323192809511454
189.108248355 216.909 -1.1111747280141913
