vel Tant_raw Tant_corr
-242.830470447 221.378 -1.0493343757619016
-240.853338822 221.431 -0.889047970519556
-238.876181116 222.994 0.7763989026726961
-236.898997329 221.472 -0.6478950638881997
-234.921787459 223.652 1.6251679376592563
-232.944551506 221.758 -0.1803151695735039
-230.967289471 221.811 -0.04324834727816551
-228.990001351 224.264 2.4894635581402724
-227.012687147 224.584 2.8849148151059865
-225.035346858 220.001 -1.626801192991877
-223.057980484 221.532 -0.028591968036550952
-221.080588024 221.292 -0.20536589722877352
-219.103169477 218.918 -2.520032253243045
-217.125724844 220.62 -0.7625011943989364
-215.148254123 222.089 0.7583162353667205
-213.170757314 223.622 2.339508106237332
-211.193234417 220.729 -0.5088383975390798
-209.215685431 220.257 -0.939636977747341
-207.238110355 219.582 -1.5768022223495564
-205.260509189 221.9 0.7757503943811628
-203.282881933 221.967 0.8741045117665465
-201.305228585 220.784 -0.2806571173674399
-199.327549147 221.593 0.5535473731047489
-197.349843616 220.779 -0.23820103738449916
-195.372111992 220.998 0.0001777436771703833
-193.394354276 220.697 -0.2842370781981174
-191.416570465 221.061 0.09363281542226787
-189.438760561 219.88 -1.0761351442979503
-187.460924562 220.244 -0.7034644135148937
-185.483062468 220.893 -0.048279335862872585
-183.505174278 221.703 0.7654948574447928
-181.527259991 221.823 0.8869320474919391
-179.549319609 219.865 -1.0718947724547832
-177.571353129 221.387 0.44708650293657115
-175.593360551 221.574 0.6289470909434556
-173.615341875 222.71 1.7577573206748696
-171.6372971 221.429 0.46758663294869507
-169.659226225 220.393 -0.5794964198248636
-167.681129251 221.22 0.23457582625326268
-165.703006177 219.175 -1.8251298535689386
-163.724857002 221.164 0.1474524271959865
-161.746681725 220.406 -0.628612333842085
-159.768480347 220.123 -0.9312600280481149
-157.790252866 221.998 0.9225725640731071
-155.811999282 221.488 0.3899477728067211
-153.833719595 221.034 -0.088072960907283
-151.855413804 219.162 -1.9854290856051477
-149.877081908 221.061 -0.11306093940658002
-147.898723907 220.472 -0.7299097501177982
-145.920339801 219.008 -2.222917635361398
-143.941929589 220.419 -0.8420276027095781
-141.96349327 220.505 -0.7871835497885797
-139.985030844 218.641 -2.683330264379947
-138.006542311 222.284 0.9265865754474021
-136.028027669 221.986 0.5946204011842724
-134.049486919 223.043 1.6168237538483083
-132.07092006 220.681 -0.7807517162186173
-130.092327091 221.836 0.33794475056490114
-128.113708012 222.088 0.5529630229210056
-126.135062823 221.57 -0.0026479214227776993
-124.156391522 221.556 -0.05483999589043265
-122.177694109 220.625 -1.0245660050993024
-120.198970585 222.383 0.6942203550050863
-118.220220947 221.696 -0.03243550306891052
-116.241445196 220.567 -1.2014890583182591
-114.262643332 219.605 -2.2038966814617993
-112.283815353 221.515 -0.3346156350798992
-110.304961259 221.756 -0.13460407365050742
-108.32608105 223.246 1.3141789562922668
-106.347174726 223.029 1.0557735160403467
-104.368242285 222.688 0.6732187745514295
-102.389283727 221.984 -0.0724469915851671
-100.410299051 223.121 1.0228136016706344
-98.4312882577 222.268 0.12803704574869812
-96.452251346 223.156 0.9742589392767513
-94.4731883153 220.811 -1.4124860119891594
-92.4940991651 223.541 1.2758360047088217
-90.514983895 225.684 3.377257909012542
-88.5358425043 220.849 -1.4991882726788788
-86.5566749927 225.383 2.9935285926876816
-84.5774813595 224.539 2.1084387446845483
-82.5982616042 224.707 2.235571529297715
-80.6190157265 222.614 0.10195539880859883
-78.6397437256 224.168 1.615617911661559
-76.6604456011 223.469 0.8765857323643047
-74.6811213525 225.122 2.489884631359587
-72.7017709793 224.869 2.1975394849087877
-70.7223944809 225.611 2.900574274972115
-68.7429918569 226.419 3.670012089096332
-66.7635631066 226.27 3.482875120286451
-64.7841082297 227.12 4.295184666901548
-62.8046272256 227.489 4.6269611325227515
-60.8251200937 229.154 6.255224025841045
-58.8455868336 231.469 8.533991960542608
-56.8660274447 231.854 8.883282655183137
-54.8864419265 232.956 9.950112933075161
-52.9068302785 235.52 12.479498722168074
-50.9271925002 239.02 15.945455054929539
-48.947528591 243.292 20.18399606822581
-46.9678385505 247.206 24.065135003208383
-44.9881223781 252.969 29.795884205189026
-43.0083800733 259.295 36.09025512352633
-41.0286116357 267.329 44.093258311507356
-39.0488170645 270.986 47.71990342622158
-37.0689963594 275.284 51.98819922845644
-35.08914952 279.658 56.33315358256954
-33.1092765454 282.697 59.34377345636457
-31.1293774355 285.185 61.80406492099209
-29.1494521894 289.604 66.19603315080775
-27.1695008068 291.636 68.20168242327412
-25.1895232873 292.893 69.43301611883169
-23.2095196301 294.861 71.37603672077756
-21.2294898349 293.895 70.385745815158
-19.249433901 295.003 71.47014409063877
-17.269351828 296.342 72.7862313383954
-15.2892436154 291.19 67.6120064519896
-13.3091092626 286.505 62.90546742725104
-11.3289487692 286.03 62.409611362162025
-9.34876213455 278.572 54.931434456734365
-7.3685493582 275.697 52.03693201289522
-5.38831043967 268.039 44.36009843436642
-3.40804537832 260.286 36.58892722654471
-1.42775417381 247.679 23.96441099638733
0.552563174591 239.79 16.05854145228716
2.53290666725 231.55 7.802309403961118
4.51327630468 229.969 6.2057047623265476
6.49367208747 226.525 2.7467165393839252
8.4740940161 226.901 3.10833284809911
10.4545420911 223.817 0.010540902283850073
12.435016313 221.458 -2.3616729835225954
14.4155166823 222.146 -1.6863233941719784
16.3960431995 222.446 -1.3984258140258419
18.3765958652 222.582 -1.2739966270750074
20.3571746798 220.679 -3.1880531170561426
22.3377796439 224.026 0.14838653242685496
24.3184107579 223.469 -0.41869676221347163
26.2990680226 222.32 -1.5773229846699337
28.2797514381 221.95 -1.9565130188540536
30.2604610053 221.887 -2.0282886490220733
32.2411967246 223.066 -0.8576725598875328
34.2219585963 224.925 0.9933116632579697
36.2027466213 224.264 0.3246395344230848
38.1835607998 226.882 2.93528566680331
40.1644011325 224.454 0.5002237726573924
42.1452676198 226.712 2.7514266631913813
44.1261602623 226.612 2.644866248438319
46.1070790605 225.818 1.8445135371400454
48.0880240148 223.377 -0.602661363371368
50.068995126 222.811 -1.1746892472942818
52.0499923943 222.301 -1.6906018104731118
54.0310158204 225.461 1.4635683494793454
56.0120654049 223.936 -0.0672122669352575
57.9931411481 223.986 -0.02297806121904955
59.9742430506 223.698 -0.3167643369986024
61.955371113 223.77 -0.250607300143173
63.9365253356 226.485 2.458455941117421
65.9177057192 222.996 -1.0366126239286757
67.8989122641 223.532 -0.5068519085912442
69.8801449711 224.848 0.8026982710998425
71.8614038403 225.151 1.0989971962795835
73.8426888726 223.753 -0.3059967548762188
75.8240000683 225.883 1.8166738927348263
77.805337428 223.981 -0.09303428898058996
79.7867009522 223.963 -0.11916563142892755
81.7680906414 224.316 0.22523463055071602
83.7495064961 224.24 0.14012035856745797
85.7309485169 223.099 -1.0105554894408897
87.7124167042 224.104 -0.015840859325322754
89.6939110587 222.513 -1.6177846008475854
91.6754315808 223.287 -0.8554364677959256
93.6569782709 223.02 -1.1348471181056539
95.6385511298 223.846 -0.3220681139811461
97.6201501578 224.26 0.0778480779908648
99.6017753555 221.032 -3.1651519132829833
101.583426723 225.318 1.1048776364838488
103.565104262 225.314 1.0838815468216865
105.546807972 223.487 -0.7611962675833865
107.528537853 225.474 1.2065872029703542
109.510293907 225.3 1.0121740630641227
111.492076134 224.668 0.3585055120777838
113.473884534 223.256 -1.0764781559466599
115.455719108 225.212 0.855162447563032
117.437579856 223.11 -1.2726341943866544
119.419466779 224.162 -0.24793050449892462
121.401379877 225.848 1.4092101887201807
123.383319151 228.427 3.9577236508147564
125.365284602 223.335 -1.1664552587275807
127.34727623 225.729 1.1936074134221712
129.329294035 222.862 -1.7091552856987846
131.311338018 224.243 -0.3658112154837738
133.29340818 222.642 -2.006429141860366
135.27550452 224.487 -0.20307873736686588
137.25762704 226.906 2.172169418625913
139.239775741 225.339 0.5592438398737727
141.221950622 225.442 0.61407213317014
143.204151683 225.042 0.16358099815982996
145.186378927 226.327 1.3956962271596467
147.168632352 225.214 0.22734270524858857
149.150911961 225.803 0.7584444098812924
151.133217752 225.204 0.09892441104824456
153.115549727 223.804 -1.364295129103681
155.097907886 224.9 -0.3342929562138863
157.08029223 225.202 -0.10114872392011875
159.06270276 223.822 -1.5529429939481076
161.045139475 224.862 -0.5877572361544878
163.027602376 226.62 1.092326171209038
165.010091464 226.687 1.0782239414438664
166.99260674 226.999 1.3058518792848588
168.975148203 225.998 0.2171248808706423
170.957715854 226.118 0.24595693345398217
172.940309695 225.352 -0.6147388846865454
174.922929725 224.392 -1.6730504041734946
176.905575945 224.456 -1.7110663648846298
178.888248355 226.778 0.5051235840720096
