vel Tant_raw Tant_corr
-247.830470447 226.923 -0.18064158881807657
-245.853338822 225.514 -1.5466400147406887
-243.876181116 225.547 -1.4737048931520178
-241.898997329 228.087 1.1032318256611688
-239.921787459 225.338 -1.6117624437881375
-237.944551506 226.871 -0.047620922345828376
-235.967289471 228.009 1.1187225337270945
-233.990001351 228.339 1.4743334327386037
-232.012687147 226.716 -0.12572335263334367
-230.035346858 224.831 -1.990383585340453
-228.057980484 228.812 2.008416335913779
-226.080588024 227.263 0.47473937661004584
-224.103169477 225.053 -1.7223521336828185
-222.125724844 225.988 -0.7767965014015203
-220.148254123 226.61 -0.14653266904286966
-218.170757314 226.537 -0.21350021527769059
-216.193234417 226.501 -0.24563935502092704
-214.215685431 226.735 -0.009890939515742048
-212.238110355 225.51 -1.2351964564223863
-210.260509189 227.72 0.9725019700994721
-208.282881933 228.129 1.3772615793085663
-206.305228585 229.438 2.68013897379069
-204.327549147 228.738 1.9721901193918825
-202.349843616 226.005 -0.7705296548960234
-200.372111992 227.67 0.883034343007921
-198.394354276 226.659 -0.14106383181143656
-196.416570465 227.283 0.4682292386148674
-194.438760561 227.218 0.38696633511725054
-192.460924562 229.719 2.870199601238369
-190.483062468 225.838 -1.0300194568059169
-188.505174278 228.3 1.4113600297641824
-186.527259991 227.648 0.737388292215968
-184.549319609 226.763 -0.17088507574371192
-182.571353129 228.211 1.2525888818547628
-180.593360551 227.538 0.5538584832504512
-178.615341875 226.863 -0.1480285911650583
-176.6372971 226.214 -0.8250252989465423
-174.659226225 227.167 0.09891476433253388
-172.681129251 226.192 -0.9061626349733558
-170.703006177 228.761 1.631787631274932
-168.724857002 227.424 0.26281005294470106
-166.746681725 226.687 -0.5070515184530109
-164.768480347 224.908 -2.3197538698133826
-162.790252866 226.437 -0.8252544266061363
-160.811999282 225.033 -2.2645112528763036
-158.833719595 226.841 -0.4924830513611482
-156.855413804 227.186 -0.184129163593866
-154.877081908 227.485 0.07759043002948829
-152.898723907 227.305 -0.14028488981520582
-150.920339801 227.527 0.04328361851725049
-148.941929589 225.104 -2.418665942462951
-146.96349327 227.288 -0.2740961094467025
-144.985030844 228.07 0.46802994161015476
-143.006542311 227.109 -0.5332516046172486
-141.028027669 227.585 -0.09790520294879457
-139.049486919 227.233 -0.4908959476815653
-137.07092006 226.019 -1.7461895727767
-135.092327091 227.849 0.04224754809644082
-133.113708012 225.516 -2.332551598502789
-131.135062823 228.064 0.17344533410812346
-129.156391522 227.981 0.04827005260753481
-127.177694109 228.373 0.39795362366999143
-125.198970585 229.44 1.4225264738608132
-123.220220947 228.44 0.38001838944407496
-121.241445196 228.619 0.5164585164694131
-119.262643332 228.66 0.514875360580362
-117.283815353 229.549 1.3612967869078716
-115.304961259 229.449 1.2187500200718375
-113.32608105 227.543 -0.7297383559466937
-111.347174726 228.874 0.5588576021096685
-109.368242285 226.017 -2.3404368033526453
-107.389283727 228.526 0.12640308922280497
-105.410299051 227.949 -0.4925986996066172
-103.431288258 228.977 0.49358120969657193
-101.452251346 228.032 -0.4930344445407968
-99.4731883153 227.83 -0.7364235651751017
-97.4940991651 229.135 0.5274353035974855
-95.514983895 228.73 0.08156297618788244
-93.5358425043 228.919 0.22997962551471574
-91.5566749927 229.325 0.5957047829338364
-89.5774813595 229.565 0.795757338137463
-87.5982616042 229.466 0.6571555390813444
-85.6190157265 228.231 -0.61708300810011
-83.6397437256 228.974 0.08705866080759961
-81.6604456011 229.049 0.12359686803208092
-79.6811213525 229.883 0.9195472937191767
-77.7017709793 229.791 0.7899249758501696
-75.7223944809 229.862 0.8237443101551776
-73.7429918569 228.581 -0.4939809499661578
-71.7635631066 228.429 -0.6822376935388661
-69.7841082297 228.121 -1.0260134520845838
-67.8046272256 228.202 -0.9802963997192364
-65.8251200937 227.936 -1.281075353232353
-63.8455868336 229.735 0.4836602278314217
-61.8660274447 226.805 -2.4800797589195724
-59.8864419265 232.093 2.7747139411964383
-57.9068302785 229.803 0.4520499398478819
-55.9271925002 228.851 -0.5320637943951567
-53.947528591 229.673 0.2583800638527407
-51.9678385505 229.587 0.14138819671197211
-49.9881223781 230.618 1.1419666429468123
-48.0083800733 231.185 1.6791207978849911
-46.0286116357 229.468 -0.06714458666729684
-44.0488170645 235.959 6.395174597482367
-42.0689963594 233.463 3.8710818148407498
-40.08914952 236.087 6.46757988613507
-38.1092765454 236.42 6.773670988222733
-36.1293774355 241.947 12.27435665402416
-34.1494521894 247.105 17.40663777241602
-32.1695008068 252.495 22.771514588164962
-30.1895232873 259.917 30.16898670183312
-28.2095196301 267.517 37.7450530696897
-26.2294898349 276.309 46.51371200363684
-24.249433901 282.429 52.6109611711137
-22.269351828 292.696 62.85579759501988
-20.2892436154 302.277 72.41521765362515
-18.3091092626 310.598 80.7152170804851
-16.3289487692 318.485 88.58179096435873
-14.3487621345 329.238 99.31493374911841
-12.3685493582 333.578 103.63563923367178
-10.3883104397 336.528 106.56690057186975
-8.40804537832 334.58 104.60071027242336
-6.42775417381 328.216 98.21906019882383
-4.44743682541 323.452 93.43794156924821
-2.46709333275 315.251 85.22034495648276
-0.486723695322 294.352 64.30526028783297
1.49367208747 274.296 44.23367684503879
3.4740940161 257.082 27.004583264191353
5.45454209111 249.06 18.967967535646096
7.43501631302 241.878 11.771817003938338
9.41551668228 234.743 4.623118367698481
11.3960431995 232.719 2.5858576795650094
13.3765958652 232.948 2.8020203461011874
15.3571746798 233.462 3.303591127709666
17.3377796439 230.474 0.30355413854570656
19.3184107579 228.711 -1.4711071535659244
21.2990680226 227.747 -2.4464099272197757
23.2797514381 230.222 0.01762799249161162
25.2604610053 231.55 1.3349881338837122
27.2411967246 228.151 -2.0743486213979168
29.2219585963 229.53 -0.7054020384652233
31.2027466213 231.215 0.9698074707235094
33.1835607998 231.033 0.7782588472848886
35.1644011325 231.231 0.9669303853192162
37.1452676198 239.201 0.0
39.1261602623 241.69 0.0
41.1070790605 231.547 1.2560392022732287
43.0880240148 231.139 0.8393613839481588
45.068995126 229.894 -0.41421451059372316
47.0499923943 229.745 -0.5717140711252853
49.0310158204 233.932 3.6068364649670173
51.0120654049 233.617 3.283410212600586
52.9931411481 231.428 1.0859796389119083
54.9742430506 228.6 -1.7504834368312743
56.955371113 231.175 0.8159921566859225
58.9365253356 231.431 1.0633769427412858
60.9177057192 229.277 -1.0993592035132451
62.8989122641 230.966 0.5807529448672994
64.8801449711 230.63 0.23568196653098994
66.8614038403 229.633 -0.7706042082508588
68.8426888726 230.362 -0.05113829767628886
70.8240000683 229.758 -0.6649536684913642
72.805337428 231.407 0.9739156639198825
74.7867009522 232.516 2.0724350354520027
76.7680906414 231.012 0.557569133192203
78.7495064961 229.671 -0.7947180046653273
80.7309485169 229.308 -1.169462988905309
82.7124167042 229.538 -0.9517030793752781
84.6939110587 229.15 -1.3524761850741243
86.6754315808 230.6 0.08417913576622027
88.6569782709 228.058 -2.471776324406619
90.6385511298 228.999 -1.5453824225539847
92.6201501578 230.281 -0.2786796651252814
94.6017753555 231.844 1.26829079185066
96.5834267233 229.77 -0.8225128573160703
98.5651042619 230.886 0.27586693193362066
100.546807972 230.62 -0.008612945675395167
102.528537853 228.486 -2.161996245325213
104.510293907 229.665 -1.0033273722291938
106.492076134 228.393 -2.296651381671552
108.473884534 232.075 1.362986020888087
110.455719108 232.224 1.4885384797171355
112.437579856 230.384 -0.3760410112531929
114.419466779 231.849 1.0631998914630572
116.401379877 230.037 -0.7757871191545007
118.383319151 232.321 1.4799489992558108
120.365284602 233.522 2.651358638364144
122.34727623 229.135 -1.7666084609207928
124.329294035 230.019 -0.915003208550587
126.311338018 228.438 -2.52987716544024
128.29340818 231.602 0.598717456460804
130.27550452 231.321 0.28072779412065074
132.25762704 231.001 -0.0778996667517049
134.239775741 232.603 1.4837809082780495
136.221950622 230.911 -0.2502852976901977
138.204151683 231.585 0.3798462469644619
140.186378927 230.341 -0.9098805777532561
142.168632352 229.739 -1.5595225433588382
144.150911961 231.79 0.4418629267953236
146.133217752 232.078 0.6782177576746733
148.115549727 231.572 0.11848322225392849
150.097907886 232.809 1.2995999415824144
152.08029223 231.037 -0.5304921153803832
154.06270276 232.602 0.9741463681746438
156.045139475 229.808 -1.8825459431153035
158.027602376 232.245 0.489368963007621
160.010091464 232.12 0.29682844639327755
161.99260674 232.253 0.3597692143975735
163.975148203 232.548 0.5821273218712122
165.957715854 234.721 2.679838170932186
167.940309695 232.367 0.24783651090697845
169.922929725 232.069 -0.1309435615969221
171.905575945 232.013 -0.2705686029702292
173.888248355 230.326 -2.0441058225688664
