vel Tant_raw Tant_corr
-224.650470447 201.052 0.05183221375023095
-222.673338822 200.72 -0.2341223059281674
-220.696181116 200.626 -0.28407724050356364
-218.718997329 200.486 -0.3819854598937411
-216.741787459 200.77 -0.057800307900834014
-214.764551506 199.28 -1.5094756023591742
-212.787289471 202.546 1.793034364829424
-210.810001351 201.878 1.1597748277227993
-208.832687147 202.528 1.842790546127901
-206.855346858 202.295 1.641125805647988
-204.877980484 200.472 -0.15217558243256235
-202.900588024 199.976 -0.6200702811793803
-200.923169477 200.072 -0.49751542808778026
-198.945724844 200.605 0.06053136482975674
-196.968254123 200.353 -0.16788798895390755
-194.990757314 199.775 -0.7237320506086746
-193.013234417 200.44 -0.03795985598245011
-191.035685431 200.716 0.2574690843453311
-189.058110355 200.602 0.1615947849886652
-187.080509189 199.258 -1.1655432143159032
-185.102881933 199.19 -1.2179058487615464
-183.125228585 199.596 -0.797454528519836
-181.147549147 198.25 -2.130151138848447
-179.169843616 198.473 -1.894958040089307
-177.192111992 201.624 1.2671619322115077
-175.214354276 200.316 -0.030754532740928653
-173.236570465 201.291 0.9533287789705014
-171.258760561 200.613 0.2834476058677353
-169.280924562 201.747 1.4246372110570178
-167.303062468 200.28 -0.03606761786110724
-165.325174278 201.368 1.0573674311575587
-163.347259991 200.142 -0.1640238054663712
-161.369319609 200.522 0.2197920329959686
-159.391353129 199.515 -0.7841521684645159
-157.413360551 200.692 0.3951759993247208
-155.435341875 200.231 -0.06419153033769476
-153.4572971 200.366 0.071776699910572
-151.479226225 201.59 1.2961116714305092
-149.501129251 199.744 -0.5501561104801738
-147.523006177 200.124 -0.17099661664968835
-145.544857002 199.524 -0.7723802940961946
-143.566681725 200.321 0.022721933909110703
-141.588480347 202.009 1.7083386677819021
-139.610252866 199.44 -0.8635019684438134
-137.631999282 199.236 -1.07077232717333
-135.653719595 200.431 0.12055476268420762
-133.675413804 199.371 -0.9434940043497306
-131.697081908 198.706 -1.612892410384461
-129.718723907 200.285 -0.03861471422058571
-127.740339801 200.891 0.5623643485849357
-125.761929589 200.711 0.37706956565318706
-123.78349327 201.364 1.0245252477222095
-121.805030844 201.375 1.0297552285871348
-119.826542311 202.63 2.2787828650345148
-117.848027669 202.614 2.2566310367729727
-115.869486919 204.776 4.412322146385321
-113.89092006 205.579 5.208878119250215
-111.912327091 208.114 7.737320403485114
-109.933708012 209.162 8.778669969886522
-107.955062823 209.74 9.349947311863758
-105.976391522 211.113 10.71617244536884
-103.997694109 211.048 10.644364908847109
-102.018970585 211.605 11.194543763170628
-100.040220947 209.846 9.428727591558072
-98.0614451964 210.511 10.086934499540178
-96.0826433319 211.46 11.029182114872441
-94.1038153531 211.994 11.556487587484185
-92.1249612595 213.465 13.02086758941212
-90.1460810505 215.87 15.419338314737018
-88.1671747257 214.46 14.002915479521732
-86.1882422846 216.226 15.762614321746838
-84.2092837265 216.582 16.112449601247306
-82.2302990511 217.343 16.867435599651174
-80.2512882577 219.095 18.61358612031384
-78.272251346 219.08 18.592914488257264
-76.2931883153 223.188 22.695433550104383
-74.3140991651 230.545 30.047155674017915
-72.334983895 233.704 33.201092749636445
-70.3558425043 240.387 39.87925618801037
-68.3766749927 246.053 45.5406569215404
-66.3974813595 249.521 49.00430540391247
-64.4182616042 252.76 52.23921161003577
-62.4390157265 254.743 54.21838503597948
-60.4597437256 253.62 53.09183469890823
-58.4804456011 253.931 53.39956913702045
-56.5011213525 255.62 55.085596409484225
-54.5217709793 253.823 53.2859240963742
-52.5423944809 252.289 51.74955929860815
-50.5629918569 247.719 47.177508637884216
-48.5835631066 245.405 44.86177825661679
-46.6041082297 240.931 40.3863738178741
-44.6246272256 234.718 34.17230050531421
-42.6451200937 232.054 31.50756302312209
-40.6655868336 229.065 28.518165595946186
-38.6860274447 225.6 25.053111968835083
-36.7064419265 223.404 22.857405407174298
-34.7268302785 223.715 23.16904869662278
-32.7471925002 224.81 24.265044143049607
-30.767528591 227.913 27.369393572470813
-28.7878385505 231.622 31.08009833098569
-26.8081223781 234.314 33.77415928471382
-24.8283800733 237.496 36.95857681973149
-22.8486116357 240.026 39.49135084200813
-20.8688170645 243.112 42.58048077734378
-18.8889963594 247.258 46.729965571304405
-16.90914952 249.604 49.07980368915912
-14.9292765454 250.964 50.44399311581796
-12.9493774355 251.065 50.549531355765765
-10.9694521894 246.593 46.0824154330021
-8.98950080685 242.975 42.46964189097463
-7.00952328727 233.219 32.71920679251792
-5.02951963008 221.796 21.30210571978938
-3.04948983486 212.049 11.561333774205252
-1.06943390098 207.972 7.4908855763782185
0.910648172037 202.442 1.9677552660529898
2.8907563846 202.077 1.6099365020429275
4.87089073741 201.484 1.024422462168019
6.85105123078 201.718 1.266205843188743
8.83123786545 200.502 0.05827886074595767
10.8114506418 200.909 0.47363324929401074
12.7916895603 200.217 -0.20973973796066048
14.7719546217 200.78 0.3621506708776394
16.7522458262 200.471 0.0622947663268576
18.7325631746 201.072 0.672682357468716
20.7129066673 200.208 -0.18169722811930455
22.6932763047 200.273 -0.1068551444255661
24.6736720875 200.052 -0.31780302706653174
26.6540940161 200.929 0.5694470066469819
28.6345420911 199.896 -0.45311764235134433
30.615016313 200.662 0.32348994505164796
32.5955166823 198.258 -2.069743793914512
34.5760431995 200.043 -0.27383290396747384
36.5565958652 199.891 -0.41479191183492503
38.5371746798 198.82 -1.4746358263199681
40.5177796439 198.412 -1.8713801383624968
42.4984107579 198.017 -2.2550408211048705
44.4790680226 198.283 -1.9776343299521955
46.4597514381 199.135 -1.114177602642144
48.4404610053 198.25 -1.9876880593000692
50.4211967246 199.193 -1.0331836025098937
52.4019585963 198.102 -2.11268261737564
54.3827466213 200.405 0.20179602841923838
56.3635607998 202.802 2.6102329845405166
58.3444011325 201.622 1.4416084179466395
60.3252676198 208.14 0.0
62.3061602623 209.295 0.0
64.2870790605 205.453 0.0
66.2680240148 201.0 0.8640813651381052
68.248995126 200.305 0.17983479001270553
70.2299923943 201.238 1.1233975534353533
72.2110158204 200.535 0.4307464416103244
74.1920654049 200.193 0.09885775752181303
76.1731411481 200.564 0.47970732086918133
78.1542430506 199.674 -0.4007295319934485
80.135371113 200.57 0.5045220518772737
82.1165253356 201.233 1.176436441949079
84.0977057192 200.799 0.750987524153885
86.0789122641 199.828 -0.2118512991803243
88.0601449711 200.01 -0.022107109388997515
90.0414038403 201.024 0.9991925284605543
92.0226888726 199.914 -0.10398043448898875
94.0040000683 199.557 -0.4546545309537464
95.985337428 199.769 -0.23685877756918217
97.9667009522 200.173 0.1723773250445504
99.9480906414 199.939 -0.05697620778042278
101.929506496 199.783 -0.2089498448239624
103.910948517 199.559 -0.42957453904028853
105.892416704 198.761 -1.2248817276253021
107.873911059 200.518 0.5340966679254393
109.855431581 201.024 1.0413282417459584
111.836978271 199.042 -0.9402198964579895
113.81855113 199.314 -0.6685811214758246
115.800150158 200.937 0.9532107073447946
117.781775355 199.624 -0.3618787539650441
119.763426723 201.144 1.1551156659374442
121.745104262 199.937 -0.05584134635316218
123.726807972 200.323 0.3252144109451649
125.708537853 200.289 0.2852466547380743
127.690293907 200.485 0.47421861698353496
129.672076134 199.828 -0.19090695536024782
131.653884534 199.071 -0.9571678004028286
133.635719108 201.028 0.98939785860901
135.617579856 199.495 -0.5552486867631785
137.599466779 199.556 -0.5071466302240708
139.581379877 199.966 -0.1113356507965193
141.563319151 200.258 0.16514408710142447
143.545284602 201.262 1.1522519335981087
145.52727623 201.385 1.2569467533139118
147.509294035 200.71 0.5621869252904901
149.491338018 201.457 1.2879303429159563
151.47340818 200.245 0.053134413869031505
153.45550452 198.979 -1.2372439399196367
155.43762704 200.034 -0.20824828239088333
157.419775741 200.569 0.2990773366242081
159.401950622 198.843 -1.456311618640484
161.384151683 200.053 -0.27746016998949585
163.366378927 199.198 -1.1654138253683755
165.348632352 200.91 0.5117814212026417
167.330911961 199.994 -0.44092091060167604
169.313217752 200.578 0.10443221270008962
171.295549727 200.54 0.025793338167801494
173.277907886 200.082 -0.47488547351207444
175.26029223 200.472 -0.1296526481496585
177.24270276 200.261 -0.3875570980968064
179.225139475 200.943 0.24535177773972805
181.207602376 200.619 -0.12997590626082456
183.190091464 201.504 0.7014094775472586
185.17260674 200.737 -0.12154292998837946
187.155148203 200.881 -0.035884474822069024
189.137715854 200.89 -0.08766698988702615
191.120309695 201.567 0.5260572048609049
193.102929725 201.819 0.7122353025078212
195.085575945 200.352 -0.8231859910384571
197.068248355 201.182 -0.06426045701627459
